9.499999999999999556e-01 5.000000000000000000e-01 1.001458832812572641e+00 1.007265120087139199e+00 5.403511652916634378e-02 3.287683320475930371e-01 3.332065098897131761e-01 4.955249468828396009e-02 3.364275519404386072e-02
9.499999999999999556e-01 5.250000000000000222e-01 9.515354926739831853e-01 9.576445176286254579e-01 5.403511652916420660e-02 3.232120212568134199e-01 3.221013907641359086e-01 4.937982090363848831e-02 3.456376558932838794e-02
9.499999999999999556e-01 5.500000000000000444e-01 9.016206485092943534e-01 9.080655384630362814e-01 5.403511652916622582e-02 3.177714914742374441e-01 3.109968889194263952e-01 4.919968982080234754e-02 3.559831090894927108e-02
9.499999999999999556e-01 5.749999999999999556e-01 8.517157940406651084e-01 8.585353936467380320e-01 5.403511652916705155e-02 3.124443575373494486e-01 2.999294115445470532e-01 4.901223232328674045e-02 3.676498903907193805e-02
9.499999999999999556e-01 5.999999999999999778e-01 8.018227945240273824e-01 8.090630520201524956e-01 5.403511652916853647e-02 3.072282556514693286e-01 2.889441881214810937e-01 4.881758379232364886e-02 3.808699896654282879e-02
9.499999999999999556e-01 6.250000000000000000e-01 7.519440097629082054e-01 7.596598068505189261e-01 5.403511652916785646e-02 3.021208462240522197e-01 2.780980943889369006e-01 4.861588390837298657e-02 3.959364208272114771e-02
9.499999999999999556e-01 6.500000000000000222e-01 7.020824693854139653e-01 7.103400749951869209e-01 5.403511652916710012e-02 2.971198163531082459e-01 2.674636779875511627e-01 4.840727644771311566e-02 4.132245571636117276e-02
9.499999999999999556e-01 6.750000000000000444e-01 6.522421282149144517e-01 6.611225469942516586e-01 5.403511652916583030e-02 2.922228819995452698e-01 2.571350265822749948e-01 4.819190907456029349e-02 4.332231269295372389e-02
9.499999999999999556e-01 6.999999999999999556e-01 6.024282478588804945e-01 6.120318800063958564e-01 5.403511652916832830e-02 2.874277898709655665e-01 2.472365389185135487e-01 4.796993312918176877e-02 4.565803833778925291e-02
9.499999999999999556e-01 7.249999999999999778e-01 5.526479836372524268e-01 5.631012539003683592e-01 5.403511652916806463e-02 2.827323190422111887e-01 2.379364138067950329e-01 4.774150341248074858e-02 4.841748734197526272e-02
9.499999999999999556e-01 7.500000000000000000e-01 5.029113180455584420e-01 5.143763429087382377e-01 5.403511652916936914e-02 2.781342823360277161e-01 2.294680856257581003e-01 4.750677796752027227e-02 5.172275513131435742e-02
9.499999999999999556e-01 7.750000000000000222e-01 4.532326045402303993e-01 4.659216909998543654e-01 5.403511652916215269e-02 2.736315274853442503e-01 2.221656120701508974e-01 4.726591785846991772e-02 5.574863660809287191e-02
9.499999999999999556e-01 8.000000000000000444e-01 4.036332417161906938e-01 4.178313321714458572e-01 5.403511652916848096e-02 2.692219380970025666e-01 2.165247870110575401e-01 4.701908694746094464e-02 6.075443155725435140e-02
9.499999999999999556e-01 8.249999999999999556e-01 3.541465710949648349e-01 3.702472446138753703e-01 5.403511652916799524e-02 2.649034344351782755e-01 2.133145392576705768e-01 4.676645166982602853e-02 6.714181700148535992e-02
9.499999999999999556e-01 8.500000000000000888e-01 3.048274820588210976e-01 3.233929840676317280e-01 5.403511652918896457e-02 2.606739740413055451e-01 2.130227445171246625e-01 4.650818080821965406e-02 7.556738034898247136e-02
9.499999999999999556e-01 8.750000000000000000e-01 2.557729341003870394e-01 2.776382937279480712e-01 5.403511653429071693e-02 2.565315522059865572e-01 2.131236714225753781e-01 4.624444526608274819e-02 8.718024450429801009e-02
9.499999999999999556e-01 9.000000000000000222e-01 2.071709289893755301e-01 2.336300968286537660e-01 5.403511747184271130e-02 2.524742023071129271e-01 2.132774201395385982e-01 4.597541784095036943e-02 1.041790293954954483e-01
9.499999999999999556e-01 9.250000000000000444e-01 1.594358611427206529e-01 1.925695254814899227e-01 5.403524705182732868e-02 2.484999960272713804e-01 2.150124911254595594e-01 4.570127299805955279e-02 1.313040337409032143e-01
9.499999999999999556e-01 9.499999999999999556e-01 1.136652709420117452e-01 1.567897386443590502e-01 5.404745621652792820e-02 2.446070434624937895e-01 2.149131076208289359e-01 4.542218664473089001e-02 1.805506721736550024e-01
9.499999999999999556e-01 9.750000000000000888e-01 7.361924896602067836e-02 1.307020357307672742e-01 5.463370109086622406e-02 2.407934931333583217e-01 2.145553106970241597e-01 4.513833590598238105e-02 2.878986048637499073e-01
9.499999999999999556e-01 1.000000000000000000e+00 5.403511652916956343e-02 1.207601844324794615e-01 6.242546189734045348e-02 2.291710199851764892e-09 2.146469820612821322e-01 4.484989890183084527e-02 5.279708350496130631e-01
9.499999999999999556e-01 1.024999999999999911e+00 7.361924896602053958e-02 1.307020357307676905e-01 8.783120095137647576e-02 2.333973848505837001e-01 2.152138832618770703e-01 4.455705452670717659e-02 6.543925596346029661e-01
9.499999999999999556e-01 1.050000000000000044e+00 1.136652709420117452e-01 1.567897386443599661e-01 1.258261274686384712e-01 2.298113149909358222e-01 2.159118254046230589e-01 4.425998223143097487e-02 6.912955922548927878e-01
9.499999999999999556e-01 1.075000000000000178e+00 1.594358611427206529e-01 1.925695254814871471e-01 1.694154434575848023e-01 2.262976230445368775e-01 2.137634205658434650e-01 4.395886180814348454e-02 7.252553764258589108e-01
9.499999999999999556e-01 1.100000000000000089e+00 2.071709289893757522e-01 2.336300968286507684e-01 2.155525636084191232e-01 2.228546470686081082e-01 2.129696865343253531e-01 4.365387317860867922e-02 7.531784973394413107e-01
9.499999999999999556e-01 1.125000000000000000e+00 2.557729341003870394e-01 2.776382937279483487e-01 2.629999744229482017e-01 2.194807620736663190e-01 2.139780153455007050e-01 4.334519618626580389e-02 7.697410401561440851e-01
9.499999999999999556e-01 1.149999999999999911e+00 3.048274820588208756e-01 3.233929840676287304e-01 3.111966937485809992e-01 2.161743795922278499e-01 2.129684285096226648e-01 4.095861640228719291e-02 7.854351401784224196e-01
9.499999999999999556e-01 1.175000000000000044e+00 3.541465710949648349e-01 3.702472446138735385e-01 3.598583372334771546e-01 2.129339472107204256e-01 2.133145392576705768e-01 3.379790606089965593e-02 8.000726135698440489e-01
9.499999999999999556e-01 1.200000000000000178e+00 4.036332417161906938e-01 4.178313321714465234e-01 4.088270443216754368e-01 2.097579480695527243e-01 2.165247870110574291e-01 2.848114108078700010e-02 8.129630669348451022e-01
9.499999999999999556e-01 1.225000000000000089e+00 4.532326045402303993e-01 4.659216909998563638e-01 4.580086782732921136e-01 2.066449003358752368e-01 2.221656120701505088e-01 2.439782574088457390e-02 8.250697254208368969e-01
9.499999999999999556e-01 1.250000000000000000e+00 5.029113180455584420e-01 5.143763429087364614e-01 5.073438064389601543e-01 2.035933566531274164e-01 2.294680856257580448e-01 2.117734245277099608e-02 8.346904465744071633e-01
9.499999999999999556e-01 1.274999999999999911e+00 5.526479836372522048e-01 5.631012539003641404e-01 5.567931331693685149e-01 2.006019035711120169e-01 2.379364138067954215e-01 1.858233231298028754e-02 8.433970670225688915e-01
9.499999999999999556e-01 1.300000000000000044e+00 6.024282478588804945e-01 6.120318800063944131e-01 6.063296709179717414e-01 1.976691609599885990e-01 2.472365389185137707e-01 1.645408295058597981e-02 8.516647278574005497e-01
9.499999999999999556e-01 1.325000000000000178e+00 6.522421282149144517e-01 6.611225469942502153e-01 6.559342874069272744e-01 1.947937814112494226e-01 2.571350265822745507e-01 1.468264076948879240e-02 8.594315546533445316e-01
9.499999999999999556e-01 1.350000000000000089e+00 7.020824693854141874e-01 7.103400749951839233e-01 7.055930496793201279e-01 1.919744496284547242e-01 2.674636779875512183e-01 1.318954077413112339e-02 8.660300497881022741e-01
9.499999999999999556e-01 1.375000000000000000e+00 7.519440097629082054e-01 7.596598068505162615e-01 7.552955746994656216e-01 1.892098818102437019e-01 2.780980943889367896e-01 1.191736425482320047e-02 8.723222872468782141e-01
9.499999999999999556e-01 1.399999999999999911e+00 8.018227945240268273e-01 8.090630520201448350e-01 8.050339689591283765e-01 1.864988250278858395e-01 2.889441881214815377e-01 1.082317771416202792e-02 8.781567796712295149e-01
9.499999999999999556e-01 1.425000000000000044e+00 8.517157940406651084e-01 8.585353936467419178e-01 8.548021259925042692e-01 1.838400565993957014e-01 2.999294115445469422e-01 9.874272452322210847e-03 8.835312670208065322e-01
9.499999999999999556e-01 1.450000000000000178e+00 9.016206485092943534e-01 9.080655384630361704e-01 9.045952486288134642e-01 1.812323834620468421e-01 3.109968889194263952e-01 9.045318004448759178e-03 8.886614070044493996e-01
9.499999999999999556e-01 1.475000000000000089e+00 9.515354926739831853e-01 9.576445176286272343e-01 9.544095164857682168e-01 1.786746415449413650e-01 3.221013907641353535e-01 8.316412159632694673e-03 8.934548798969751404e-01
9.499999999999999556e-01 1.500000000000000000e+00 1.001458832812572641e+00 1.007265120087140975e+00 1.004241849750242555e+00 1.761656951430668194e-01 3.332065098897132316e-01 7.671715426722865334e-03 8.975971384082132021e-01
