6.750000000000000444e-01 5.000000000000000000e-01 1.058660847845537711e+00 1.067235603164771840e+00 3.475094110395158253e-01 2.631086733512797982e-01 5.123475400783580325e-01 4.955249468828388376e-02 2.096225481315717176e-01
6.750000000000000444e-01 5.250000000000000222e-01 1.011564526246858886e+00 1.020535071745445777e+00 3.475094110395162694e-01 2.587082770458630221e-01 5.093019828435737528e-01 4.937982090363862708e-02 2.147398073465613955e-01
6.750000000000000444e-01 5.500000000000000444e-01 9.647604836232839265e-01 9.741621182649629063e-01 3.475094110395167135e-01 2.543945338483151186e-01 5.070459822666035787e-01 4.919968982080219488e-02 2.204193549506345273e-01
6.750000000000000444e-01 5.749999999999999556e-01 9.182934121298227392e-01 9.281658432965964600e-01 3.475094110395133828e-01 2.501661694050093532e-01 5.057289864021334846e-01 4.901223232328624779e-02 2.267353458435190094e-01
6.750000000000000444e-01 5.999999999999999778e-01 8.722171694945203280e-01 8.826051397213161565e-01 3.475094110395173796e-01 2.460218620375255738e-01 5.054705066164285610e-01 4.881758379232347539e-02 2.337757814827533531e-01
6.750000000000000444e-01 6.250000000000000000e-01 8.265971151419733154e-01 8.375510925683742336e-01 3.475094110395154923e-01 2.419602515919902497e-01 5.054825022243327748e-01 4.861588390837335433e-02 2.416454841376190488e-01
6.750000000000000444e-01 6.500000000000000222e-01 7.815131417711620454e-01 7.930900533120304186e-01 3.475094110395147151e-01 2.379799473233959461e-01 5.054760363813755042e-01 4.840727644771350424e-02 2.504697305925486228e-01
6.750000000000000444e-01 6.750000000000000444e-01 7.370636273491130153e-01 7.493275870155009510e-01 3.475094110395177127e-01 2.340795349131400416e-01 5.054958352422302958e-01 4.819190907456018941e-02 2.603986366723889945e-01
6.750000000000000444e-01 6.999999999999999556e-01 6.933706013100300325e-01 7.063935395107173720e-01 3.475094110395154368e-01 2.302575827077868731e-01 5.055638055020974519e-01 4.796993312918189367e-02 2.716123293891775092e-01
6.750000000000000444e-01 7.249999999999999778e-01 6.505864975243745851e-01 6.644485176915316815e-01 3.475094110395162694e-01 2.265126472579207795e-01 5.056229145468138508e-01 4.774150341248058205e-02 2.843268023363129671e-01
6.750000000000000444e-01 7.500000000000000000e-01 6.089029403452023148e-01 6.236920976431210573e-01 3.475094110395164915e-01 2.228432782278941815e-01 5.054610369133505365e-01 4.750677796752007104e-02 2.988000389079029651e-01
6.750000000000000444e-01 7.750000000000000222e-01 5.685620377417335281e-01 5.843730252693746241e-01 3.475094110395113844e-01 2.192480227400183113e-01 5.055403314087675293e-01 4.726591785847003568e-02 3.153373601558800421e-01
6.750000000000000444e-01 8.000000000000000444e-01 5.298705415108796446e-01 5.468014563463430289e-01 3.475094110395169911e-01 2.157254292103262250e-01 5.057945474646451389e-01 4.701908694746134709e-02 3.342937714276024708e-01
6.750000000000000444e-01 8.249999999999999556e-01 4.932167786694130474e-01 5.113627212287555901e-01 3.475094110395138269e-01 2.122740507272558030e-01 5.060471025502715214e-01 4.676645166982640323e-02 3.560690170000798682e-01
6.750000000000000444e-01 8.500000000000000888e-01 4.590890880439579269e-01 4.785309108746051976e-01 3.475094110395162694e-01 2.088924480194727096e-01 5.058811331100137032e-01 4.650818080821944589e-02 3.810878283516182519e-01
6.750000000000000444e-01 8.750000000000000000e-01 4.280920353861221717e-01 4.488784163473195088e-01 3.475094110403118552e-01 2.055791920544243756e-01 5.057896003950829167e-01 4.624444526608279676e-02 4.097537889142513490e-01
6.750000000000000444e-01 9.000000000000000222e-01 4.009523547268838417e-01 4.230742637675789508e-01 3.475094111860960733e-01 2.023328663050819043e-01 5.057550850891040506e-01 4.597541784095050821e-02 4.423626366103309837e-01
6.750000000000000444e-01 9.250000000000000444e-01 3.785007143467933322e-01 4.018604641694435431e-01 3.475094313348369712e-01 1.991520687186342231e-01 5.057701546917805491e-01 4.570127299805952503e-02 4.789661998430894685e-01
6.750000000000000444e-01 9.499999999999999556e-01 3.616113808510912353e-01 3.859946018566571269e-01 3.475113299824750257e-01 1.469480951720574802e-01 5.058381226689077081e-01 4.542218664473061940e-02 5.192025627206866556e-01
6.750000000000000444e-01 9.750000000000000888e-01 3.510880099932678355e-01 3.761540012581016668e-01 3.476029893968080042e-01 7.527396280435799669e-02 5.059727086568663879e-01 4.513833590598204104e-02 5.621568405951853364e-01
6.750000000000000444e-01 1.000000000000000000e+00 3.475094110395184344e-01 3.728160842325324298e-01 3.489125036965664561e-01 3.036165538660516920e-10 5.061966549620091627e-01 4.484989890183069261e-02 6.063629507609472613e-01
6.750000000000000444e-01 1.024999999999999911e+00 3.510880099932677245e-01 3.761540012581013892e-01 3.543406790128278416e-01 7.527396280435760811e-02 5.062984174937463777e-01 4.455705452670739170e-02 6.500294493977356591e-01
6.750000000000000444e-01 1.050000000000000044e+00 3.616113808510912353e-01 3.859946018566603465e-01 3.656162076501362490e-01 1.469480951720575634e-01 5.059227257358549501e-01 4.425998223143130794e-02 6.914347249308900878e-01
6.750000000000000444e-01 1.075000000000000178e+00 3.785007143467933322e-01 4.018604641694432100e-01 3.828114280225173305e-01 1.813670644956832390e-01 5.056206844155224367e-01 4.395886180814340127e-02 7.233067379486310955e-01
6.750000000000000444e-01 1.100000000000000089e+00 4.009523547268839527e-01 4.230742637675802831e-01 4.053466474770342498e-01 1.786072240054210891e-01 5.054662764710043943e-01 4.365387317860880412e-02 7.480769287009884083e-01
6.750000000000000444e-01 1.125000000000000000e+00 4.280920353861221717e-01 4.488784163473179545e-01 4.324488218149956653e-01 1.759023757601169136e-01 5.055287616529952066e-01 4.334519618626603288e-02 7.693831261654476839e-01
6.750000000000000444e-01 1.149999999999999911e+00 4.590890880439577604e-01 4.785309108746059192e-01 4.633426152889015270e-01 1.732513003274361307e-01 5.058684471622061363e-01 4.303301039240031711e-02 7.858242162269339914e-01
6.750000000000000444e-01 1.175000000000000044e+00 4.932167786694131029e-01 5.113627212287572554e-01 4.973339117928238240e-01 1.706528014649442704e-01 5.062146701518537295e-01 4.271749487678326573e-02 8.000051110986409197e-01
6.750000000000000444e-01 1.200000000000000178e+00 5.298705415108796446e-01 5.468014563463418076e-01 5.338375680968048265e-01 1.681057062860360496e-01 5.055935778217308663e-01 4.239882804311604497e-02 8.133368415223072301e-01
6.750000000000000444e-01 1.225000000000000089e+00 5.685620377417339721e-01 5.843730252693737359e-01 5.723765773652507161e-01 1.656088653482278295e-01 5.054809212274029573e-01 4.207718742958805463e-02 8.241645048174909283e-01
6.750000000000000444e-01 1.250000000000000000e+00 6.089029403452023148e-01 6.236920976431237218e-01 6.125689633622395380e-01 1.631611526726478578e-01 5.059072536538866682e-01 4.175274952484659546e-02 8.343893377086222252e-01
6.750000000000000444e-01 1.274999999999999911e+00 6.505864975243740300e-01 6.644485176915366775e-01 6.541112979358137958e-01 1.607614657027414684e-01 5.056507599007725728e-01 4.142568958964280151e-02 8.434555318544023628e-01
6.750000000000000444e-01 1.300000000000000044e+00 6.933706013100300325e-01 7.063935395107185933e-01 6.967629918259186095e-01 1.584087252093445697e-01 5.054956200384879139e-01 4.109618148441878532e-02 8.516228960014894378e-01
6.750000000000000444e-01 1.325000000000000178e+00 7.370636273491130153e-01 7.493275870155071683e-01 7.403328888673965658e-01 1.561018751486570322e-01 5.057845350498870740e-01 4.076439750305042853e-02 8.593699438440915994e-01
6.750000000000000444e-01 1.350000000000000089e+00 7.815131417711623785e-01 7.930900533120299745e-01 7.846684323320719523e-01 1.538398824789253827e-01 5.054786061363406580e-01 4.043050821296196445e-02 8.666530103361236304e-01
6.750000000000000444e-01 1.375000000000000000e+00 8.265971151419733154e-01 8.375510925683721242e-01 8.296471551830383317e-01 1.516217369411367866e-01 5.054883827148330955e-01 4.009468230179789178e-02 8.725320326814806071e-01
6.750000000000000444e-01 1.399999999999999911e+00 8.722171694945199949e-01 8.826051397213107164e-01 8.751700909656372485e-01 1.494464508084426269e-01 5.054610269189626637e-01 3.975708643081441590e-02 8.781566691050467499e-01
6.750000000000000444e-01 1.425000000000000044e+00 9.182934121298227392e-01 9.281658432965991246e-01 9.211567030337535211e-01 1.473130586085981686e-01 5.057289864021338177e-01 3.941788509512662853e-02 8.835234217541378943e-01
6.750000000000000444e-01 1.450000000000000178e+00 9.647604836232839265e-01 9.741621182649634614e-01 9.675409866173736440e-01 1.452206168232442196e-01 5.070459822666033567e-01 3.907724049093617980e-02 8.886329582672026772e-01
6.750000000000000444e-01 1.475000000000000089e+00 1.011564526246859330e+00 1.020535071745444000e+00 1.014268466482771025e+00 1.431682035674926579e-01 5.093019828435740859e-01 3.873531238983297931e-02 8.934712070871120293e-01
6.750000000000000444e-01 1.500000000000000000e+00 1.058660847845537711e+00 1.067235603164771840e+00 1.061293875292079081e+00 1.411549182529064916e-01 5.123475400783581435e-01 3.839225802024229944e-02 8.976060617241490291e-01
