8.750000000000000000e-01 5.000000000000000000e-01 1.008851198166977881e+00 1.016687498814087709e+00 1.333444413650094473e-01 3.110765236216057050e-01 3.834847265068743183e-01 4.955249468828364090e-02 8.267709006738011013e-02
8.750000000000000000e-01 5.250000000000000222e-01 9.593126393636990379e-01 9.675502417160800617e-01 1.333444413650097249e-01 3.058316957172290684e-01 3.748749795336172030e-01 4.937982090363848831e-02 8.490651015039452076e-02
8.750000000000000000e-01 5.500000000000000444e-01 9.098245655306009816e-01 9.185061078974103843e-01 1.333444413650070048e-01 3.006946068789361215e-01 3.665428789328943338e-01 4.919968982080199366e-02 8.740653053480196277e-02
8.750000000000000000e-01 5.749999999999999556e-01 8.603956880662220197e-01 8.695708540681714727e-01 1.333444413650076155e-01 2.956631972829848465e-01 3.585723561574933882e-01 4.901223232328685148e-02 9.022024801420508444e-02
8.750000000000000000e-01 5.999999999999999778e-01 8.110368302629339388e-01 8.207639552543997130e-01 1.333444413650101690e-01 2.907354072501667774e-01 3.510671879670552165e-01 4.881758379232346151e-02 9.340105049596941766e-02
8.750000000000000000e-01 6.250000000000000000e-01 7.617616031560968670e-01 7.721097527196816301e-01 1.333444413650116123e-01 2.859091819681945923e-01 3.441571432456542179e-01 4.861588390837323637e-02 9.701581693382471672e-02
8.750000000000000000e-01 6.500000000000000222e-01 7.125873560785002114e-01 7.236390469321368757e-01 1.333444413650100024e-01 2.811824756745682219e-01 3.380065814809328217e-01 4.840727644771360139e-02 1.011493831513002872e-01
8.750000000000000000e-01 6.750000000000000444e-01 6.635365400962839333e-01 6.753913459949341114e-01 1.333444413650095584e-01 2.765532553510635649e-01 3.328267064821963661e-01 4.819190907456022410e-02 1.059108896015464873e-01
8.750000000000000000e-01 6.999999999999999556e-01 6.146387069189080954e-01 6.274180984358412871e-01 1.333444413650112792e-01 2.720195039761851286e-01 3.288933885811589075e-01 4.796993312918169938e-02 1.114429882166449448e-01
8.750000000000000000e-01 7.249999999999999778e-01 5.659335120338320202e-01 5.797874353975340789e-01 1.333444413650088922e-01 2.675792233775848294e-01 3.265736717826444591e-01 4.774150341248081797e-02 1.179354965677335554e-01
8.750000000000000000e-01 7.500000000000000000e-01 5.174753521115251775e-01 5.325912787915783042e-01 1.333444413650081706e-01 2.632304367225541397e-01 3.261927408786817195e-01 4.750677796752026533e-02 1.256461486019704310e-01
8.750000000000000000e-01 7.750000000000000222e-01 4.693407504606298408e-01 4.859562431380475278e-01 1.333444413650108906e-01 2.589711906811699160e-01 3.263378601228146270e-01 4.726591785846994548e-02 1.349329816045694019e-01
8.750000000000000000e-01 8.000000000000000444e-01 4.216405341555140573e-01 4.400607574470229988e-01 1.333444413650066718e-01 2.547995572935242148e-01 3.261601413799826155e-01 4.701908694746095158e-02 1.463063464952665260e-01
8.750000000000000000e-01 8.249999999999999556e-01 3.745407054552915560e-01 3.951625871016213876e-01 1.333444413650107241e-01 2.507136355696052421e-01 3.266582598922868064e-01 4.676645166982650037e-02 1.605149137612181254e-01
8.750000000000000000e-01 8.500000000000000888e-01 3.282997716157405321e-01 3.516439538010678323e-01 1.333444413650212990e-01 2.467115528477762110e-01 3.266021500211586659e-01 4.650818080821942507e-02 1.786918005554254396e-01
8.750000000000000000e-01 8.750000000000000000e-01 2.833385608118799692e-01 3.100862303373861373e-01 1.333444413670855644e-01 2.427914659354803162e-01 3.262181056956067193e-01 4.624444526608223471e-02 2.026071122725758289e-01
8.750000000000000000e-01 9.000000000000000222e-01 2.403762468359703364e-01 2.713917284016740816e-01 1.333444417470110166e-01 2.389515620536472873e-01 3.261655453535908245e-01 4.597541784095050821e-02 2.350978374301302409e-01
8.750000000000000000e-01 9.250000000000000444e-01 2.007006229261568131e-01 2.369672345385499534e-01 1.333444942567099389e-01 2.351900596043297598e-01 3.262746505631688998e-01 4.570127299805960830e-02 2.807143895139799228e-01
8.750000000000000000e-01 9.499999999999999556e-01 1.666755532252628402e-01 2.089341289613755870e-01 1.333494422489411024e-01 2.315052087793674496e-01 3.263931580787848841e-01 4.542218664473073042e-02 3.461741596348279493e-01
8.750000000000000000e-01 9.750000000000000888e-01 1.424104632495358791e-01 1.901406591049083772e-01 1.335881264166565441e-01 2.103416291798371196e-01 3.264215483579075983e-01 4.513833590598237411e-02 4.380839774238575179e-01
8.750000000000000000e-01 1.000000000000000000e+00 1.333444413650130833e-01 1.834488218682518990e-01 1.369594265383827780e-01 8.820831436165327406e-10 3.263389226452817482e-01 4.484989890183066485e-02 5.523582700975063764e-01
8.750000000000000000e-01 1.024999999999999911e+00 1.424104632495358513e-01 1.901406591049082384e-01 1.502506774866144978e-01 2.103416291798363147e-01 3.262087064505800882e-01 4.455705452670716271e-02 6.554298645705004533e-01
8.750000000000000000e-01 1.050000000000000044e+00 1.666755532252628402e-01 2.089341289613787511e-01 1.751946362717220207e-01 2.174984608093079863e-01 3.261616249674583745e-01 4.425998223143115529e-02 6.914666242909739413e-01
8.750000000000000000e-01 1.075000000000000178e+00 2.007006229261568131e-01 2.369672345385538392e-01 2.087164073726772151e-01 2.141717594276928982e-01 3.263634098597335553e-01 4.395886180814367883e-02 7.239397200241568520e-01
8.750000000000000000e-01 1.100000000000000089e+00 2.403762468359706139e-01 2.713917284016776899e-01 2.476365358802829486e-01 2.109118962444103129e-01 3.269798539093285439e-01 4.365387317860876942e-02 7.530126088219372127e-01
8.750000000000000000e-01 1.125000000000000000e+00 2.833385608118799692e-01 3.100862303373842499e-01 2.898791692603995829e-01 2.077173507222261906e-01 3.274717888568475233e-01 4.334519618626585247e-02 7.697842259046800972e-01
8.750000000000000000e-01 1.149999999999999911e+00 3.282997716157403656e-01 3.516439538010686650e-01 3.342219747782490535e-01 2.045866349242276838e-01 3.263085170343500430e-01 4.303301039240053222e-02 7.854463767664101592e-01
8.750000000000000000e-01 1.175000000000000044e+00 3.745407054552915560e-01 3.951625871016233305e-01 3.799460081394030464e-01 2.015182932687590023e-01 3.263020594449119738e-01 4.271749487678342533e-02 8.001940239655748188e-01
8.750000000000000000e-01 1.200000000000000178e+00 4.216405341555140573e-01 4.400607574470238315e-01 4.266151642797345600e-01 1.985109022347855412e-01 3.267941623452528810e-01 4.239882804311628783e-02 8.128384940244564039e-01
8.750000000000000000e-01 1.225000000000000089e+00 4.693407504606300074e-01 4.859562431380501923e-01 4.739545290407858324e-01 1.955630700238424891e-01 3.261940813517447135e-01 4.207718742958843627e-02 8.246942820446868661e-01
8.750000000000000000e-01 1.250000000000000000e+00 5.174753521115251775e-01 5.325912787915787483e-01 5.217841355930650238e-01 1.926734361842380450e-01 3.261569609235146494e-01 4.175274952484613056e-02 8.346877740549938363e-01
8.750000000000000000e-01 1.274999999999999911e+00 5.659335120338317981e-01 5.797874353975349671e-01 5.699820517956597499e-01 1.898406712025656751e-01 3.265736717826444591e-01 4.142568958964266274e-02 8.433963222124564174e-01
8.750000000000000000e-01 1.300000000000000044e+00 6.146387069189080954e-01 6.274180984358393998e-01 6.184631080833542516e-01 1.870634760671580077e-01 3.288933885811589630e-01 3.984333107287794939e-02 8.516656716635765401e-01
8.750000000000000000e-01 1.325000000000000178e+00 6.635365400962839333e-01 6.753913459949323350e-01 6.671661979002381226e-01 1.843405818076343516e-01 3.328267064821963661e-01 3.564079216361502184e-02 8.595013733311853699e-01
8.750000000000000000e-01 1.350000000000000089e+00 7.125873560785003225e-01 7.236390469321365426e-01 7.160464356313651635e-01 1.816707490143086301e-01 3.380065814809334324e-01 3.207978487981434645e-02 8.660965340876848328e-01
8.750000000000000000e-01 1.375000000000000000e+00 7.617616031560968670e-01 7.721097527196784105e-01 7.650701610866955660e-01 1.790527673408686404e-01 3.441571432456543289e-01 2.903268064032179727e-02 8.723052890932694314e-01
8.750000000000000000e-01 1.399999999999999911e+00 8.110368302629339388e-01 8.207639552544017114e-01 8.142116662162939278e-01 1.764854549933619343e-01 3.510671879670546613e-01 2.640270796214139876e-02 8.781554722898076148e-01
8.750000000000000000e-01 1.425000000000000044e+00 8.603956880662220197e-01 8.695708540681714727e-01 8.634509950344162466e-01 1.739676582082740897e-01 3.585723561574933882e-01 2.411530152264114088e-02 8.835321974952226043e-01
8.750000000000000000e-01 1.450000000000000178e+00 9.098245655306009816e-01 9.185061078974079418e-01 9.127724306016529177e-01 1.714982507221553543e-01 3.665428789328943893e-01 2.211217448078878212e-02 8.886643213422132925e-01
8.750000000000000000e-01 1.475000000000000089e+00 9.593126393636990379e-01 9.675502417160823931e-01 9.621634327821981802e-01 1.690761332350403101e-01 3.748749795336172586e-01 2.034717319776456479e-02 8.934516906578334750e-01
8.750000000000000000e-01 1.500000000000000000e+00 1.008851198166977881e+00 1.016687498814088375e+00 1.011613878421216972e+00 1.667002328696363389e-01 3.834847265068743183e-01 1.878332433517547473e-02 8.975954185669958729e-01
