6.250000000000000000e-01 5.000000000000000000e-01 1.077453795246859025e+00 1.085222512812098472e+00 4.011317500421256455e-01 2.509553030467011059e-01 5.427920270200923269e-01 4.955249468828373804e-02 2.395253073833429336e-01
6.250000000000000000e-01 5.250000000000000222e-01 1.031216117451555281e+00 1.039330506775493657e+00 4.011317500421229809e-01 2.467683969920481946e-01 5.408086280279960079e-01 4.937982090363879362e-02 2.451628431742638448e-01
6.250000000000000000e-01 5.500000000000000444e-01 9.853459701505151713e-01 9.938349472192085088e-01 4.011317500421234250e-01 2.426630090319530364e-01 5.396796666429787281e-01 4.919968982080186182e-02 2.513982567763827780e-01
6.250000000000000000e-01 5.749999999999999556e-01 9.398971650621469331e-01 9.487928658638851154e-01 4.011317500421223148e-01 2.386380369910507393e-01 5.394748999889172891e-01 4.901223232328712903e-02 2.583049791134778284e-01
6.250000000000000000e-01 5.999999999999999778e-01 8.949338974985026063e-01 9.042720289349880369e-01 4.011317500421247573e-01 2.346923222017029131e-01 5.395437055332322762e-01 4.881758379232373213e-02 2.659688713138741445e-01
6.250000000000000000e-01 6.250000000000000000e-01 8.505331744804904837e-01 8.603533589835086204e-01 4.011317500421228144e-01 2.308246591052901808e-01 5.395717607524517234e-01 4.861588390837341678e-02 2.744904642982758936e-01
6.250000000000000000e-01 6.500000000000000222e-01 8.067878784983454343e-01 8.171339561627628534e-01 4.011317500421248128e-01 2.270338038115501944e-01 5.394825522093743553e-01 4.840727644771303240e-02 2.839875218660248279e-01
6.250000000000000000e-01 6.750000000000000444e-01 7.638106315650895484e-01 7.747308579850173960e-01 4.011317500421265336e-01 2.233184817226952223e-01 5.396236027509865307e-01 4.819190907456011308e-02 2.945978733288668328e-01
6.250000000000000000e-01 6.999999999999999556e-01 7.217386513772565682e-01 7.332856894241170931e-01 4.011317500421268667e-01 2.196773943178016997e-01 5.394742733032757975e-01 4.796993312918150509e-02 3.064823555124831511e-01
6.250000000000000000e-01 7.249999999999999778e-01 6.807398041042260761e-01 6.929703473556472204e-01 4.011317500421258675e-01 2.161092251830498689e-01 5.396349153993568182e-01 4.774150341248078327e-02 3.198275094100560545e-01
6.250000000000000000e-01 7.500000000000000000e-01 6.410200315839286178e-01 6.539938090794187309e-01 4.011317500421267557e-01 2.126126453645325876e-01 5.397669789424488496e-01 4.750677796752043880e-02 3.348473378727815364e-01
6.250000000000000000e-01 7.750000000000000222e-01 6.028322162027018871e-01 6.166100082825508588e-01 4.011317500421242577e-01 2.091863181124470616e-01 5.395716607987600666e-01 4.726591785847002181e-02 3.517828706598554733e-01
6.250000000000000000e-01 8.000000000000000444e-01 5.664862583433607490e-01 5.811264082058270608e-01 4.011317500421244242e-01 2.058289030784914431e-01 5.394878714517643559e-01 4.701908694746088913e-02 3.708974197807742845e-01
6.250000000000000000e-01 8.249999999999999556e-01 5.323595409982441184e-01 5.479123126141702826e-01 4.011317500421237581e-01 2.025390600219582615e-01 5.394755416975763884e-01 4.676645166982622281e-02 3.924642163602921063e-01
6.250000000000000000e-01 8.500000000000000888e-01 5.009058603089617812e-01 5.174049693559281682e-01 4.011317500421273108e-01 1.993154520744255531e-01 5.394984952710289994e-01 4.650818080821937650e-02 4.167417994345309906e-01
6.250000000000000000e-01 8.750000000000000000e-01 4.726591593229323429e-01 4.901100920346432854e-01 4.011317500428169813e-01 1.961567486079336953e-01 5.395274555761597757e-01 4.624444526608260941e-02 4.439318388693625494e-01
6.250000000000000000e-01 9.000000000000000222e-01 4.482261492727316887e-01 4.665917940922341689e-01 4.011317501691104015e-01 1.930616277469899555e-01 5.395426550228815676e-01 4.597541784095009187e-02 4.741158040952888064e-01
6.250000000000000000e-01 9.250000000000000444e-01 4.282600622190459450e-01 4.474459769784590035e-01 4.011317676244177677e-01 1.810306090522036948e-01 5.395356813105163241e-01 4.570127299805953891e-02 5.071739060566761159e-01
6.250000000000000000e-01 9.499999999999999556e-01 4.134086125032484516e-01 4.332527002964998153e-01 4.011334124664958090e-01 1.243923397635814942e-01 5.395102831282296840e-01 4.542218664473066103e-02 5.427042170727436332e-01
6.250000000000000000e-01 9.750000000000000888e-01 4.042359223174766814e-01 4.245090132308249053e-01 4.012128217896644422e-01 6.338984118282442459e-02 5.394820096630932316e-01 4.513833590598242962e-02 5.799781853481624783e-01
6.250000000000000000e-01 1.000000000000000000e+00 4.011317500421290871e-01 4.215541511054169410e-01 4.023478909682913773e-01 2.552119704673932642e-10 5.394767404439104741e-01 4.484989890183048444e-02 6.179760272530673282e-01
6.250000000000000000e-01 1.024999999999999911e+00 4.042359223174768479e-01 4.245090132308242392e-01 4.070641312300788961e-01 6.338984118282482705e-02 5.395283304898329524e-01 4.455705452670738476e-02 6.555218350589251397e-01
6.250000000000000000e-01 1.050000000000000044e+00 4.134086125032484516e-01 4.332527002964998708e-01 4.169161803375977526e-01 1.243923397635814665e-01 5.396757112891595876e-01 4.425998223143112059e-02 6.914845144477754779e-01
6.250000000000000000e-01 1.075000000000000178e+00 4.282600622190459450e-01 4.474459769784565610e-01 4.320746226700514225e-01 1.730677845529826342e-01 5.399598292807321620e-01 4.395886180814353311e-02 7.237704739244377183e-01
6.250000000000000000e-01 1.100000000000000089e+00 4.482261492727317442e-01 4.665917940922322260e-01 4.521612486179011903e-01 1.704353907852896866e-01 5.402662066603376445e-01 4.365387317860891514e-02 7.484912007365518427e-01
6.250000000000000000e-01 1.125000000000000000e+00 4.726591593229323429e-01 4.901100920346450618e-01 4.766087217204610926e-01 1.678553559235608783e-01 5.397674135718213417e-01 4.334519618626575532e-02 7.685004116815763453e-01
6.250000000000000000e-01 1.149999999999999911e+00 5.009058603089616701e-01 5.174049693559257257e-01 5.048071604816893876e-01 1.653265273140512304e-01 5.395016698746855077e-01 4.303301039240030323e-02 7.860662330162770939e-01
6.250000000000000000e-01 1.175000000000000044e+00 5.323595409982441184e-01 5.479123126141633993e-01 5.361761930093327244e-01 1.628477733992329812e-01 5.395271135924376571e-01 4.271749487678304369e-02 8.000079897511901406e-01
6.250000000000000000e-01 1.200000000000000178e+00 5.664862583433607490e-01 5.811264082058271718e-01 5.701985963174029948e-01 1.604179839749123038e-01 5.398887586406473371e-01 4.239882804311606579e-02 8.131359869370364812e-01
6.250000000000000000e-01 1.225000000000000089e+00 6.028322162027021092e-01 6.166100082825523021e-01 6.064312297756286885e-01 1.580360703635923514e-01 5.399063793328089389e-01 4.207718742958829750e-02 8.243221181441151568e-01
6.250000000000000000e-01 1.250000000000000000e+00 6.410200315839286178e-01 6.539938090794181758e-01 6.445033940992960231e-01 1.557009655134932724e-01 5.394926913070161589e-01 4.175274952484616525e-02 8.342668490807721993e-01
6.250000000000000000e-01 1.274999999999999911e+00 6.807398041042266312e-01 6.929703473556441118e-01 6.841092604387839504e-01 1.534116240317141000e-01 5.396237063357454122e-01 4.142568958964293335e-02 8.434940528616485800e-01
6.250000000000000000e-01 1.300000000000000044e+00 7.217386513772565682e-01 7.332856894241208678e-01 7.249983151077175059e-01 1.511670221591924212e-01 5.398513873876338298e-01 4.109618148441902818e-02 8.516125336756376063e-01
6.250000000000000000e-01 1.325000000000000178e+00 7.638106315650895484e-01 7.747308579850171739e-01 7.669658900300406756e-01 1.489661576943530075e-01 5.394739902362080120e-01 4.076439750305087262e-02 8.593169606610728817e-01
6.250000000000000000e-01 1.350000000000000089e+00 8.067878784983454343e-01 8.171339561627608550e-01 8.098447004391008397e-01 1.468080498716559101e-01 5.398415228894112294e-01 4.043050821296226283e-02 8.666151693020999192e-01
6.250000000000000000e-01 1.375000000000000000e+00 8.505331744804904837e-01 8.603533589835087314e-01 8.534976814462598149e-01 1.446917392006404901e-01 5.394743094373695147e-01 4.009468230179816239e-02 8.725992118874484893e-01
6.250000000000000000e-01 1.399999999999999911e+00 8.949338974985023842e-01 9.042720289349913676e-01 8.978121063182531447e-01 1.426162872704997975e-01 5.395290900254696709e-01 3.975708643081426324e-02 8.781825550072064335e-01
6.250000000000000000e-01 1.425000000000000044e+00 9.398971650621469331e-01 9.487928658638864476e-01 9.426948401655990128e-01 1.405807765247092944e-01 5.394817836312548742e-01 3.941788509512626770e-02 8.835181411175891952e-01
6.250000000000000000e-01 1.450000000000000178e+00 9.853459701505151713e-01 9.938349472192096190e-01 9.880685456563036428e-01 1.385843100097956249e-01 5.396796666429786171e-01 3.907724049093633939e-02 8.885749356435436175e-01
6.250000000000000000e-01 1.475000000000000089e+00 1.031216117451555947e+00 1.039330506775493435e+00 1.033868662951020756e+00 1.366260111018973711e-01 5.408086280279961189e-01 3.873531238983311809e-02 8.934024634181308988e-01
6.250000000000000000e-01 1.500000000000000000e+00 1.077453795246859025e+00 1.085222512812100026e+00 1.080041008417425230e+00 1.347050232144201276e-01 5.427920270200923269e-01 3.839225802024229250e-02 8.976124736723281039e-01
