7.500000000000000000e-01 5.000000000000000000e-01 1.035058326208369017e+00 1.043928329083336326e+00 2.671062310266594797e-01 2.812227415416766463e-01 4.652187453351916968e-01 4.955249468828384907e-02 1.632168090663714821e-01
7.500000000000000000e-01 5.250000000000000222e-01 9.868362268650612279e-01 9.961357117695993635e-01 2.671062310266648088e-01 2.765036985834951611e-01 4.603182962355312213e-01 4.937982090363871035e-02 1.673914548080964737e-01
7.500000000000000000e-01 5.500000000000000444e-01 9.388001590611662062e-01 9.485706912311404615e-01 2.671062310266633100e-01 2.718791272955839444e-01 4.560619360926301269e-01 4.919968982080247938e-02 1.720464641437002840e-01
7.500000000000000000e-01 5.749999999999999556e-01 8.909802122680789971e-01 9.012693028516631788e-01 2.671062310266660855e-01 2.673474755349661836e-01 4.525863046923172539e-01 4.901223232328666413e-02 1.772511046768356358e-01
7.500000000000000000e-01 5.999999999999999778e-01 8.434131482572886362e-01 8.542753398423255096e-01 2.671062310266629214e-01 2.629071597681919004e-01 4.500567568308215249e-01 4.881758379232337131e-02 1.830892054164250937e-01
7.500000000000000000e-01 6.250000000000000000e-01 7.961442951207218233e-01 8.076424680901370667e-01 2.671062310266667517e-01 2.585565725642254842e-01 4.486748721665601014e-01 4.861588390837318086e-02 1.896629299632211496e-01
7.500000000000000000e-01 6.500000000000000222e-01 7.492300972687034877e-01 7.614370336821854046e-01 2.671062310266658635e-01 2.542940892619880433e-01 4.484936954335038695e-01 4.840727644771306015e-02 1.970977052337810620e-01
7.500000000000000000e-01 6.750000000000000444e-01 7.027415873941649238e-01 7.157418223512779232e-01 2.671062310266617001e-01 2.501180738953893146e-01 4.484979209775805109e-01 4.819190907456010614e-02 2.055486878146307039e-01
7.500000000000000000e-01 6.999999999999999556e-01 6.567691669477725425e-01 6.706611337051857635e-01 2.671062310266633100e-01 2.460268844501356522e-01 4.485046876913897917e-01 4.796993312918151897e-02 2.152092630390219363e-01
7.500000000000000000e-01 7.249999999999999778e-01 6.114292589116676613e-01 6.263276748338104660e-01 2.671062310266644202e-01 2.420188775190774966e-01 4.487543083960120471e-01 4.774150341248047796e-02 2.263221860780456618e-01
7.500000000000000000e-01 7.500000000000000000e-01 5.668736531655630406e-01 5.829119627033907403e-01 2.671062310266643092e-01 2.380924124161167277e-01 4.485353287455222659e-01 4.750677796752029308e-02 2.391940323318327288e-01
7.500000000000000000e-01 7.750000000000000222e-01 5.233027218095380739e-01 5.406351415351411394e-01 2.671062310266648643e-01 2.342458548027009924e-01 4.485484347878320732e-01 4.726591785847002181e-02 2.542134709679655380e-01
7.500000000000000000e-01 8.000000000000000444e-01 4.809841355525887874e-01 4.997863105995651312e-01 2.671062310266655859e-01 2.304775798755451799e-01 4.489336716576614039e-01 4.701908694746063933e-02 2.718731282788635628e-01
7.500000000000000000e-01 8.249999999999999556e-01 4.402791599125163158e-01 4.607454354225617443e-01 2.671062310266650863e-01 2.267859751594425433e-01 4.489663991421011247e-01 4.676645166982653506e-02 2.927925890632644412e-01
7.500000000000000000e-01 8.500000000000000888e-01 4.016786509801973382e-01 4.240122123980909485e-01 2.671062310266665296e-01 2.231694429446789418e-01 4.487267062975994758e-01 4.650818080821940426e-02 3.177345461432914409e-01
7.500000000000000000e-01 8.750000000000000000e-01 3.658493387355936655e-01 3.902388451483593812e-01 2.671062310277009244e-01 2.196264024047560048e-01 4.486013927484658326e-01 4.624444526608276207e-02 3.475939205016012612e-01
7.500000000000000000e-01 9.000000000000000222e-01 3.336850890484486243e-01 3.602587351650530234e-01 2.671062312173609898e-01 2.161552914265879588e-01 4.485455727996732200e-01 4.597541784095052209e-02 3.833170203779547314e-01
7.500000000000000000e-01 9.250000000000000444e-01 3.063425185201543721e-01 3.350915639981510430e-01 2.671062574311975357e-01 2.127545681822673451e-01 4.485280933703009731e-01 4.570127299805944177e-02 4.256777452639893822e-01
7.500000000000000000e-01 9.499999999999999556e-01 2.852117435402531931e-01 3.158897849926897150e-01 2.671087275968840880e-01 1.958206850668584298e-01 4.485355180026454613e-01 4.542218664473073042e-02 4.748363274784218047e-01
7.500000000000000000e-01 9.750000000000000888e-01 2.717457242594096822e-01 3.037866953352702515e-01 2.672279665937600246e-01 1.016877589277872529e-01 4.485739056975484584e-01 4.513833590598251289e-02 5.297337961755688163e-01
7.500000000000000000e-01 1.000000000000000000e+00 2.671062310266668627e-01 2.996437155401825425e-01 2.689291414630355925e-01 4.122082003342142216e-10 4.486680043382899608e-01 4.484989890183060934e-02 5.877083223879678853e-01
7.500000000000000000e-01 1.024999999999999911e+00 2.717457242594096822e-01 3.037866953352748034e-01 2.759352545353891406e-01 1.016877589277870725e-01 4.488580324710642055e-01 4.455705452670725986e-02 6.449413126002583319e-01
7.500000000000000000e-01 1.050000000000000044e+00 2.852117435402531931e-01 3.158897849926889378e-01 2.902725601718231241e-01 1.958206850668584575e-01 4.491947198948761377e-01 4.425998223143111365e-02 6.930107575153996446e-01
7.500000000000000000e-01 1.075000000000000178e+00 3.063425185201543721e-01 3.350915639981477678e-01 3.116529116130276611e-01 1.937448809842215180e-01 4.496524732606864694e-01 4.395886180814343597e-02 7.234895143840093246e-01
7.500000000000000000e-01 1.100000000000000089e+00 3.336850890484487353e-01 3.602587351650563541e-01 3.389525815112062190e-01 1.907956377022808625e-01 4.489801875113809682e-01 4.365387317860860983e-02 7.487919163992399207e-01
7.500000000000000000e-01 1.125000000000000000e+00 3.658493387355936655e-01 3.902388451483616016e-01 3.709379077169404071e-01 1.879052997697180649e-01 4.485678751973187772e-01 4.334519618626590798e-02 7.702547998468830537e-01
7.500000000000000000e-01 1.149999999999999911e+00 4.016786509801971161e-01 4.240122123980903934e-01 4.065333037218430978e-01 1.850725472172624619e-01 4.485199401991828982e-01 4.303301039240031711e-02 7.855957257694665685e-01
7.500000000000000000e-01 1.175000000000000044e+00 4.402791599125163158e-01 4.607454354225600790e-01 4.448864660915086144e-01 1.822960865636626682e-01 4.489165481497661703e-01 4.271749487678359186e-02 8.000676899099588013e-01
7.500000000000000000e-01 1.200000000000000178e+00 4.809841355525887874e-01 4.997863105995644095e-01 4.853509008992859530e-01 1.795746508258257434e-01 4.491686633248472837e-01 4.239882804311626702e-02 8.129380812648686616e-01
7.500000000000000000e-01 1.225000000000000089e+00 5.233027218095385180e-01 5.406351415351441370e-01 5.274446835532575761e-01 1.769069994624564435e-01 4.485246236492843042e-01 4.207718742958815872e-02 8.241910396130458505e-01
7.500000000000000000e-01 1.250000000000000000e+00 5.668736531655630406e-01 5.829119627033938489e-01 5.708096729794650548e-01 1.742919182589978133e-01 4.486914405350212465e-01 4.175274952484620689e-02 8.347631652291503945e-01
7.500000000000000000e-01 1.274999999999999911e+00 6.114292589116673282e-01 6.263276748338072464e-01 6.151784602694665427e-01 1.717282191609160180e-01 4.487755793442273489e-01 4.142568958964280845e-02 8.434193875258100270e-01
7.500000000000000000e-01 1.300000000000000044e+00 6.567691669477725425e-01 6.706611337051864297e-01 6.603496154844369359e-01 1.692147400616965114e-01 4.485381280076102262e-01 4.109618148441875063e-02 8.516428633441438523e-01
7.500000000000000000e-01 1.325000000000000178e+00 7.027415873941649238e-01 7.157418223512765909e-01 7.061697630393013458e-01 1.667503445512901472e-01 4.485476187503464884e-01 4.076439750305092813e-02 8.594387331064594626e-01
7.500000000000000000e-01 1.350000000000000089e+00 7.492300972687035987e-01 7.614370336821842944e-01 7.525207615678866091e-01 1.643339216301839545e-01 4.485204463664510532e-01 4.043050821296195751e-02 8.663606177981378886e-01
7.500000000000000000e-01 1.375000000000000000e+00 7.961442951207218233e-01 8.076424680901337361e-01 7.993105466560260775e-01 1.619643853937613454e-01 4.486748721665603234e-01 4.009468230179843995e-02 8.723799553892545022e-01
7.500000000000000000e-01 1.399999999999999911e+00 8.434131482572884142e-01 8.542753398423266198e-01 8.464665592999167654e-01 1.596406746911572250e-01 4.500567568308219690e-01 3.975708643081456856e-02 8.781300367172601984e-01
7.500000000000000000e-01 1.425000000000000044e+00 8.909802122680789971e-01 9.012693028516636229e-01 8.939309925471061735e-01 1.573617527623947243e-01 4.525863046923171429e-01 3.941788509512639260e-02 8.835280695166283227e-01
7.500000000000000000e-01 1.450000000000000178e+00 9.388001590611662062e-01 9.485706912311384631e-01 9.416573201949713923e-01 1.551266068571988677e-01 4.560619360926302934e-01 3.907724049093599938e-02 8.886508118188872762e-01
7.500000000000000000e-01 1.475000000000000089e+00 9.868362268650616720e-01 9.961357117695984753e-01 9.896077354151699979e-01 1.529342478385504189e-01 4.603182962355314989e-01 3.873531238983314584e-02 8.934590285625327866e-01
7.500000000000000000e-01 1.500000000000000000e+00 1.035058326208369017e+00 1.043928329083333217e+00 1.037751240724260171e+00 1.507837097737189380e-01 4.652187453351916413e-01 3.659830231575852966e-02 8.975993872077643321e-01
