7.750000000000000222e-01 5.000000000000000000e-01 1.028471226355382351e+00 1.037304325957727036e+00 2.403186706041462450e-01 2.872282371613191776e-01 4.491560675701236072e-01 4.955249468828393233e-02 1.473835774470819704e-01
7.750000000000000222e-01 5.250000000000000222e-01 9.799250295001876720e-01 9.891917228983551080e-01 2.403186706041448573e-01 2.824034622636735770e-01 4.435709837804889810e-01 4.937982090363914056e-02 1.512032482578473669e-01
7.750000000000000222e-01 5.500000000000000444e-01 9.315326421768288512e-01 9.412758706408099751e-01 2.403186706041425258e-01 2.776757921533954399e-01 4.385685433452662929e-01 4.919968982080226427e-02 1.554682759564696148e-01
7.750000000000000222e-01 5.749999999999999556e-01 8.833193439752941023e-01 8.935884201636743462e-01 2.403186706041455789e-01 2.730435772896100399e-01 4.342779880113690205e-01 4.901223232328687923e-02 1.602445019247046853e-01
7.750000000000000222e-01 5.999999999999999778e-01 8.353161458040567755e-01 8.461679884341017921e-01 2.403186706041443577e-01 2.685051425878428599e-01 4.308565487150373130e-01 4.881758379232338518e-02 1.656120640136946043e-01
7.750000000000000222e-01 6.250000000000000000e-01 7.875614664525839581e-01 7.990621156397140767e-01 2.403186706041445797e-01 2.640587944053484071e-01 4.284970984088772306e-01 4.861588390837305595e-02 1.716692826680053519e-01
7.750000000000000222e-01 6.500000000000000222e-01 7.401034140178955889e-01 7.523298908395250617e-01 2.403186706041430254e-01 2.597028267534965407e-01 4.274383635781201507e-01 4.840727644771364302e-02 1.785378247703881538e-01
7.750000000000000222e-01 6.750000000000000444e-01 6.930029317693716662e-01 7.060455117417101523e-01 2.403186706041447462e-01 2.554355268142299296e-01 4.274310749784453467e-01 4.819190907456021716e-02 1.863696212170841693e-01
7.750000000000000222e-01 6.999999999999999556e-01 6.463381958703543484e-01 6.603031611696354997e-01 2.403186706041443021e-01 2.512551798297582017e-01 4.274619742013344159e-01 4.796993312918190755e-02 1.953561974497312614e-01
7.750000000000000222e-01 7.249999999999999778e-01 6.002108491529827283e-01 6.152237516957661523e-01 2.403186706041462450e-01 2.471600734276879208e-01 4.274191318285501806e-01 4.774150341248052654e-02 2.057413135486058642e-01
7.750000000000000222e-01 7.500000000000000000e-01 5.547549580138464442e-01 5.709643287024297464e-01 2.403186706041468557e-01 2.431485014376115472e-01 4.276806619464358361e-01 4.750677796752035553e-02 2.178380828791754431e-01
7.750000000000000222e-01 7.750000000000000222e-01 5.101500401263774354e-01 5.277312428221545559e-01 2.403186706041371412e-01 2.392187672495684203e-01 4.275495530114146736e-01 4.726591785847016058e-02 2.320519491378101318e-01
7.750000000000000222e-01 8.000000000000000444e-01 4.666401862687615254e-01 4.857985844469028258e-01 2.403186706041448018e-01 2.353691867598920739e-01 4.274095901903607886e-01 4.701908694746070871e-02 2.489107381511164729e-01
7.750000000000000222e-01 8.249999999999999556e-01 4.245622020869787572e-01 4.455336852030552519e-01 2.403186706041461895e-01 2.315980909454668779e-01 4.275863635644325811e-01 4.676645166982637547e-02 2.691015885245407468e-01
7.750000000000000222e-01 8.500000000000000888e-01 3.843866067398089559e-01 4.074313005288330292e-01 2.403186706041501308e-01 2.279038281034306279e-01 4.279716169672851400e-01 4.650818080821968181e-02 2.935096772364873541e-01
7.750000000000000222e-01 8.750000000000000000e-01 3.467752347572481408e-01 3.721562368825962475e-01 2.403186706052999055e-01 2.242847657897930891e-01 4.283074760333832054e-01 4.624444526608260941e-02 3.232402010313192853e-01
7.750000000000000222e-01 9.000000000000000222e-01 3.126548631333672112e-01 3.405881158387865093e-01 2.403186708161040852e-01 2.207392924871986462e-01 4.281331108946813124e-01 4.597541784095018902e-02 3.595736008881386669e-01
7.750000000000000222e-01 9.250000000000000444e-01 2.832897164405099311e-01 3.138475181527065061e-01 2.403186999519066058e-01 2.172658190291449354e-01 4.280665596469319656e-01 4.570127299805962218e-02 4.037460052814693667e-01
7.750000000000000222e-01 9.499999999999999556e-01 2.602941863371992515e-01 2.932580171975108785e-01 2.403214454560791968e-01 2.138627798053771567e-01 4.280959675675284348e-01 4.542218664473053613e-02 4.563920663069594985e-01
7.750000000000000222e-01 9.750000000000000888e-01 2.454649943290174163e-01 2.801789868113168103e-01 2.404539683962566565e-01 1.142499023706990829e-01 4.282266826500396584e-01 4.513833590598236717e-02 5.166021715964609351e-01
7.750000000000000222e-01 1.000000000000000000e+00 2.403186706041471887e-01 2.756814550357267746e-01 2.423431614791736188e-01 4.644338093610049750e-10 4.284805093826182243e-01 4.484989890183035260e-02 5.811101243014200612e-01
7.750000000000000222e-01 1.024999999999999911e+00 2.454649943290174441e-01 2.801789868113173654e-01 2.500951608551916228e-01 1.142499023706982086e-01 4.284866258435868214e-01 4.455705452670720434e-02 6.447760439871486060e-01
7.750000000000000222e-01 1.050000000000000044e+00 2.602941863371992515e-01 2.932580171975093797e-01 2.658298026489478993e-01 2.009245292246493175e-01 4.280099686478878174e-01 4.425998223143107202e-02 6.925105566361123843e-01
7.750000000000000222e-01 1.075000000000000178e+00 2.832897164405099311e-01 3.138475181527068392e-01 2.890239818848134856e-01 1.978510627378054221e-01 4.276124830284838141e-01 4.395886180814323474e-02 7.233174211224980832e-01
7.750000000000000222e-01 1.100000000000000089e+00 3.126548631333673223e-01 3.405881158387870089e-01 3.182706038904352663e-01 1.948391766412658765e-01 4.274136796021151263e-01 4.365387317860876248e-02 7.493790643640962923e-01
7.750000000000000222e-01 1.125000000000000000e+00 3.467752347572481408e-01 3.721562368825938605e-01 3.521395407634523300e-01 1.918874897836368998e-01 4.275231203464889829e-01 4.334519618626585247e-02 7.701168521953759560e-01
7.750000000000000222e-01 1.149999999999999911e+00 3.843866067398088449e-01 4.074313005288293654e-01 3.894568677307771454e-01 1.889946486163210371e-01 4.280316379701596397e-01 4.303301039240040038e-02 7.855473864826718611e-01
7.750000000000000222e-01 1.175000000000000044e+00 4.245622020869787572e-01 4.455336852030566952e-01 4.293382029345447215e-01 1.861593272174696945e-01 4.280891148663565904e-01 4.271749487678350166e-02 8.000964291354512037e-01
7.750000000000000222e-01 1.200000000000000178e+00 4.666401862687615254e-01 4.857985844469063785e-01 4.711399174252003386e-01 1.833802272454300164e-01 4.274477301242542993e-01 4.239882804311637110e-02 8.128677104671828690e-01
7.750000000000000222e-01 1.225000000000000089e+00 5.101500401263776574e-01 5.277312428221567764e-01 5.143979189268470531e-01 1.806560778298834657e-01 4.275939433862267491e-01 4.207718742958813790e-02 8.242570083496782996e-01
7.750000000000000222e-01 1.250000000000000000e+00 5.547549580138464442e-01 5.709643287024297464e-01 5.587763484209010700e-01 1.779856354080845415e-01 4.278801107659266356e-01 4.175274952484607505e-02 8.347395534724053601e-01
7.750000000000000222e-01 1.274999999999999911e+00 6.002108491529822842e-01 6.152237516957695940e-01 6.040296869916115252e-01 1.753676835129036882e-01 4.274152330961932811e-01 4.142568958964261416e-02 8.434117293071599075e-01
7.750000000000000222e-01 1.300000000000000044e+00 6.463381958703543484e-01 6.603031611696366099e-01 6.499761068363378858e-01 1.728010325186863927e-01 4.276309339589404179e-01 4.109618148441873675e-02 8.516491997275635883e-01
7.750000000000000222e-01 1.325000000000000178e+00 6.930029317693716662e-01 7.060455117417128168e-01 6.964790442063963916e-01 1.702845193504309851e-01 4.275508163136729212e-01 4.076439750305055343e-02 8.594572288502208002e-01
7.750000000000000222e-01 1.350000000000000089e+00 7.401034140178956999e-01 7.523298908395268381e-01 7.434344768561569339e-01 1.678170071611624903e-01 4.274383635781194846e-01 4.043050821296161057e-02 8.662879579724102053e-01
7.750000000000000222e-01 1.375000000000000000e+00 7.875614664525839581e-01 7.990621156397107461e-01 7.907620848164307326e-01 1.653973849819616038e-01 4.284970984088771195e-01 4.009468230179796810e-02 8.723498574323617083e-01
7.750000000000000222e-01 1.399999999999999911e+00 8.353161458040567755e-01 8.461679884341004598e-01 8.383990462785062547e-01 1.630245673486487856e-01 4.308565487150376461e-01 3.975708643081474203e-02 8.781378486914517278e-01
7.750000000000000222e-01 1.425000000000000044e+00 8.833193439752941023e-01 8.935884201636785651e-01 8.862956302633593353e-01 1.606974939087064125e-01 4.342779880113690205e-01 3.941788509512647587e-02 8.835293754959521184e-01
7.750000000000000222e-01 1.450000000000000178e+00 9.315326421768288512e-01 9.412758706408106413e-01 9.344120255350147897e-01 1.584151290116905253e-01 4.385685433452661819e-01 3.887841622908244643e-02 8.886552603930396588e-01
7.750000000000000222e-01 1.475000000000000089e+00 9.799250295001877831e-01 9.891917228983548860e-01 9.827160295737655815e-01 1.561764612860331858e-01 4.435709837804893696e-01 3.585106743785583527e-02 8.934562845291795785e-01
7.750000000000000222e-01 1.500000000000000000e+00 1.028471226355382351e+00 1.037304325957726814e+00 1.031181343126617023e+00 1.539805032048399691e-01 4.491560675701236627e-01 3.315670366878584185e-02 8.975978983406335265e-01
