9.749999999999999778e-01 5.000000000000000000e-01 1.000422820894765197e+00 1.005176606282358165e+00 2.908299446480667669e-02 3.346262281081108791e-01 3.163543246864828906e-01 4.955249468828337722e-02 1.811791773587329013e-02
9.749999999999999778e-01 5.250000000000000222e-01 9.504450644656112779e-01 9.554475442520713457e-01 2.908299446480604178e-02 3.289668777087552676e-01 3.043916343169513206e-01 4.937982090363851606e-02 1.861497317271659790e-02
9.749999999999999778e-01 5.500000000000000444e-01 9.004697777088571664e-01 9.057483148299636522e-01 2.908299446480708955e-02 3.234259930085576773e-01 2.923318106577171838e-01 4.919968982080216019e-02 1.917343584804714895e-02
9.749999999999999778e-01 5.749999999999999556e-01 8.504973959789881022e-01 8.560841137512835708e-01 2.908299446480469216e-02 3.180010779019328826e-01 2.801938769977648791e-01 4.901223232328666413e-02 1.980340452072615332e-02
9.749999999999999778e-01 5.999999999999999778e-01 8.005284633084820411e-01 8.064614124788100913e-01 2.908299446480417522e-02 3.126896650031812941e-01 2.680014145290872118e-01 4.881758379232341988e-02 2.051748877065390220e-02
9.749999999999999778e-01 6.250000000000000000e-01 7.505636685631938976e-01 7.568883734193039281e-01 2.908299446480744344e-02 3.074893178260923454e-01 2.557839951859098848e-01 4.861588390837305595e-02 2.133163374009727775e-02
9.749999999999999778e-01 6.500000000000000222e-01 7.006038970538487343e-01 7.073754376689361800e-01 2.908299446480581280e-02 3.023976326844183271e-01 2.435792331061107929e-01 4.840727644771379568e-02 2.226629516532574460e-02
9.749999999999999778e-01 6.750000000000000444e-01 6.506503058994437261e-01 6.579361745772300818e-01 2.908299446480738792e-02 2.974122403357248312e-01 2.314357900376921573e-01 4.819190907456026574e-02 2.334815166667353337e-02
9.749999999999999778e-01 6.999999999999999556e-01 6.007044369463573341e-01 6.085885390124585737e-01 2.908299446480652750e-02 2.925308073896680239e-01 2.194178930291489915e-01 4.796993312918153285e-02 2.461266485436924834e-02
9.749999999999999778e-01 7.249999999999999778e-01 5.507683910384110204e-01 5.593567822216110041e-01 2.908299446480636791e-02 2.877510375003013432e-01 2.076123267852442167e-01 4.774150341248038082e-02 2.610802160217340351e-02
9.749999999999999778e-01 7.500000000000000000e-01 5.008451063622763044e-01 5.102744455852372685e-01 2.908299446480570871e-02 2.830706723606893904e-01 1.961396271049211104e-01 4.750677796752023757e-02 2.790141602806706089e-02
9.749999999999999778e-01 7.750000000000000222e-01 4.509388213128693312e-01 4.613892172746575371e-01 2.908299446480375541e-02 2.784874925168525639e-01 1.851727206242996249e-01 4.726591785847042426e-02 3.008947026357838839e-02
9.749999999999999778e-01 8.000000000000000444e-01 4.010558821000384522e-01 4.127711349129431495e-01 2.908299446480725262e-02 2.739993180168853737e-01 1.749694592768536450e-01 4.701908694746058381e-02 3.281636875377225149e-02
9.749999999999999778e-01 8.249999999999999556e-01 3.512062365150140364e-01 3.645271043658071530e-01 2.908299446480652056e-02 2.696040089099389636e-01 1.659327516804726677e-01 4.676645166982611179e-02 3.630730283114252943e-02
9.749999999999999778e-01 8.500000000000000888e-01 3.014064043231995393e-01 3.168280445562245418e-01 2.908299446484656492e-02 2.652994656087550029e-01 1.587299169772076191e-01 4.650818080821944589e-02 4.093475598036472318e-02
9.749999999999999778e-01 8.750000000000000000e-01 2.516859562372125714e-01 2.699629786050680158e-01 2.908299447432897977e-02 2.610836291284009403e-01 1.545522916074506536e-01 4.624444526608265105e-02 4.736250075953007954e-02
9.749999999999999778e-01 9.000000000000000222e-01 2.021034897448335810e-01 2.244549171154887890e-01 2.908299621626483228e-02 2.569544812129432310e-01 1.541810460730773658e-01 4.597541784095032780e-02 5.689873459112965159e-02
9.749999999999999778e-01 9.250000000000000444e-01 1.527933917649584028e-01 1.813284583768424163e-01 2.908323697031065663e-02 2.529100443609302862e-01 1.566417908200188891e-01 4.570127299805962218e-02 7.252081955261363566e-02
9.749999999999999778e-01 9.499999999999999556e-01 1.041432694274579407e-01 1.427585717822970335e-01 2.910591472874224372e-02 2.489483817597201165e-01 1.553431634044342147e-01 4.542218664473049450e-02 1.026937950532936794e-01
9.749999999999999778e-01 9.750000000000000888e-01 5.784306844419723898e-02 1.134901309247705603e-01 3.018059051121289166e-02 2.450675971379181473e-01 1.546831907318924060e-01 4.513833590598209655e-02 1.826318316106253503e-01
9.749999999999999778e-01 1.000000000000000000e+00 2.908299446480847733e-02 1.018823331953177674e-01 4.269619469947925905e-02 4.637370377372936124e-09 1.546009586483999554e-01 4.484989890183049832e-02 5.197555946987721942e-01
9.749999999999999778e-01 1.024999999999999911e+00 5.784306844419699611e-02 1.134901309247698942e-01 7.510224104033230708e-02 2.375412780624658049e-01 1.550080137188306062e-01 4.455705452670723210e-02 6.542312394558894573e-01
9.749999999999999778e-01 1.050000000000000044e+00 1.041432694274579407e-01 1.427585717822975053e-01 1.172955289108424115e-01 2.338921514643499122e-01 1.562509114042896496e-01 4.425998223143121080e-02 6.912744015852450019e-01
9.749999999999999778e-01 1.075000000000000178e+00 1.527933917649584028e-01 1.813284583768374481e-01 1.631797145194525123e-01 2.303167178161543427e-01 1.558960733724398251e-01 4.395886180814375516e-02 7.255498712783554627e-01
9.749999999999999778e-01 1.100000000000000089e+00 2.021034897448338585e-01 2.244549171154907041e-01 2.106868159778391703e-01 2.268132790359384532e-01 1.542442231410069420e-01 3.628136380268702499e-02 7.532209259842177485e-01
9.749999999999999778e-01 1.125000000000000000e+00 2.516859562372125714e-01 2.699629786050696811e-01 2.590270512807300585e-01 2.233801754126128747e-01 1.545522916074506536e-01 2.782891221093776457e-02 7.697639845838516459e-01
9.749999999999999778e-01 1.149999999999999911e+00 3.014064043231994283e-01 3.168280445562206005e-01 3.078464048007796272e-01 2.200157850901220125e-01 1.587299169772071750e-01 2.225109092853558984e-02 7.854410501271804623e-01
9.749999999999999778e-01 1.175000000000000044e+00 3.512062365150140364e-01 3.645271043658094845e-01 3.569650537870065476e-01 2.167185235217157779e-01 1.659327516804726677e-01 1.831944049098408953e-02 8.000455745435355315e-01
9.749999999999999778e-01 1.200000000000000178e+00 4.010558821000384522e-01 4.127711349129439267e-01 4.062826342800268664e-01 2.134868428986105848e-01 1.749694592768534229e-01 1.541436109280801096e-02 8.130097069617769900e-01
9.749999999999999778e-01 1.225000000000000089e+00 4.509388213128696643e-01 4.613892172746552611e-01 4.557389341743358635e-01 2.103192315569801796e-01 1.851727206242995138e-01 1.319049648652441745e-02 8.251785278953174263e-01
9.749999999999999778e-01 1.250000000000000000e+00 5.008451063622763044e-01 5.102744455852350480e-01 5.052957200300549623e-01 2.072142133668558317e-01 1.961396271049210549e-01 1.144056713013719834e-02 8.346991244806293286e-01
9.749999999999999778e-01 1.274999999999999911e+00 5.507683910384106873e-01 5.593567822216141128e-01 5.549275807646254499e-01 2.041703471061882547e-01 2.076123267852442722e-01 1.003286471633657063e-02 8.433995250325980741e-01
9.749999999999999778e-01 1.300000000000000044e+00 6.007044369463573341e-01 6.085885390124591288e-01 6.046169833739465371e-01 2.011862258230318612e-01 2.194178930291489360e-01 8.879819600904552412e-03 8.516617366941967582e-01
9.749999999999999778e-01 1.325000000000000178e+00 6.506503058994437261e-01 6.579361745772303038e-01 6.543514469646658505e-01 1.982604761885527478e-01 2.314357900376922128e-01 7.921020528882471642e-03 8.593938103969379627e-01
9.749999999999999778e-01 1.350000000000000089e+00 7.006038970538488453e-01 7.073754376689382894e-01 7.041218491883916020e-01 1.953917578432666780e-01 2.435792331061106264e-01 7.113495841053309524e-03 8.660175999246066958e-01
9.749999999999999778e-01 1.375000000000000000e+00 7.505636685631938976e-01 7.568883734193037061e-01 7.539213698452311707e-01 1.925787627387265666e-01 2.557839951859097738e-01 6.425879217442415428e-03 8.723322520892231591e-01
9.749999999999999778e-01 1.399999999999999911e+00 8.005284633084821522e-01 8.064614124788112015e-01 8.037448089579221078e-01 1.898202144766331645e-01 2.680014145290873784e-01 5.834764319386857336e-03 8.781580809728172232e-01
9.749999999999999778e-01 1.425000000000000044e+00 8.504973959789881022e-01 8.560841137512835708e-01 8.535881333231036816e-01 1.871148676471431627e-01 2.801938769977651011e-01 5.322348114039438666e-03 8.835303914705437967e-01
9.749999999999999778e-01 1.450000000000000178e+00 9.004697777088571664e-01 9.057483148299647624e-01 9.034481670746468129e-01 1.844615071679961138e-01 2.923318106577169062e-01 4.874861866579411826e-03 8.886586014356177010e-01
9.749999999999999778e-01 1.475000000000000089e+00 9.504450644656112779e-01 9.554475442520735662e-01 9.533223756459900944e-01 1.818589476258661297e-01 3.043916343169515426e-01 4.481499439631058020e-03 8.934572157361048150e-01
9.749999999999999778e-01 1.500000000000000000e+00 1.000422820894765197e+00 1.005176606282357943e+00 1.003208711853377233e+00 1.793060326212508881e-01 3.163543246864827796e-01 4.133668603963279627e-03 8.975984029640303730e-01
