6.999999999999999556e-01 5.000000000000000000e-01 1.050166940211561650e+00 1.058904275762016844e+00 3.207032932685809357e-01 2.691625554164861489e-01 4.968248152754424218e-01 4.955249468828361314e-02 1.943496808649596841e-01
6.999999999999999556e-01 5.250000000000000222e-01 1.002671732080502087e+00 1.011819284866171120e+00 3.207032932685791593e-01 2.646557174150896419e-01 4.931952335875949278e-01 4.937982090363877974e-02 1.991739192094086897e-01
6.999999999999999556e-01 5.500000000000000444e-01 9.554321547411482873e-01 9.650275981686176063e-01 3.207032932685836002e-01 2.602381241684078583e-01 4.903132313377014939e-01 4.919968982080206998e-02 2.045370077922462060e-01
6.999999999999999556e-01 5.749999999999999556e-01 9.084880859501207606e-01 9.185740390556929036e-01 3.207032932685818238e-01 2.559084112356153629e-01 4.883254897614524026e-01 4.901223232328651147e-02 2.105123310948245341e-01
6.999999999999999556e-01 5.999999999999999778e-01 8.618878130669407334e-01 8.725126160847704870e-01 3.207032932685818238e-01 2.516651718823531558e-01 4.874074488312221121e-01 4.881758379232357947e-02 2.171875807675210934e-01
6.999999999999999556e-01 6.250000000000000000e-01 8.156902612593298629e-01 8.269088614999147158e-01 3.207032932685794369e-01 2.475069655070854524e-01 4.874081711624491664e-01 4.861588390837330576e-02 2.246680546237934673e-01
6.999999999999999556e-01 6.500000000000000222e-01 7.699679229119312796e-01 7.818428647925886876e-01 3.207032932685770499e-01 2.434323251459203363e-01 4.874774836876921702e-01 4.840727644771354587e-02 2.330807907555562108e-01
6.999999999999999556e-01 6.750000000000000444e-01 7.248107355119086659e-01 7.374132255574834538e-01 3.207032932685786597e-01 2.394397641493206108e-01 4.874609857861166295e-01 4.819190907456036288e-02 2.425797196333513983e-01
6.999999999999999556e-01 6.999999999999999556e-01 6.803312445517363249e-01 6.937422181380414887e-01 3.207032932685804916e-01 2.355277821144605710e-01 4.873875320229188457e-01 4.796993312918165775e-02 2.533520073634026315e-01
6.999999999999999556e-01 7.249999999999999778e-01 6.366715026709723890e-01 6.509825383426907086e-01 3.207032932685819349e-01 2.316948701483117767e-01 4.875032106842695501e-01 4.774150341248052654e-02 2.656256833917031712e-01
6.999999999999999556e-01 7.500000000000000000e-01 5.940122913823536743e-01 6.093260746325317445e-01 3.207032932685787152e-01 2.279395155289291042e-01 4.876233331825055584e-01 4.750677796752003634e-02 2.796784085988545110e-01
6.999999999999999556e-01 7.750000000000000222e-01 5.525853801118104647e-01 5.690151713505461339e-01 3.207032932685821014e-01 2.242602058254907216e-01 4.873995322329132684e-01 4.726591785847003568e-02 2.958466731383139758e-01
6.999999999999999556e-01 8.000000000000000444e-01 5.126895769501406130e-01 5.303567339320667262e-01 3.207032932685818238e-01 2.206554325315885356e-01 4.873829270463747032e-01 4.701908694746054912e-02 3.145334990634772176e-01
6.999999999999999556e-01 8.249999999999999556e-01 4.747110724570411944e-01 4.937390659316838182e-01 3.207032932685829896e-01 2.171236942607849829e-01 4.875064196051448473e-01 4.676645166982638935e-02 3.362103265354564052e-01
6.999999999999999556e-01 8.500000000000000888e-01 4.391475860269691278e-01 4.596501552562443083e-01 3.207032932685824345e-01 2.136634995485698907e-01 4.877010875504063092e-01 4.650818080821919609e-02 3.614044605654607167e-01
6.999999999999999556e-01 8.750000000000000000e-01 4.066332528376327970e-01 4.286936729496846898e-01 3.207032932694434679e-01 2.102733693004509852e-01 4.879022462505944735e-01 4.624444526608233186e-02 3.906568150478690327e-01
6.999999999999999556e-01 9.000000000000000222e-01 3.779558205839860241e-01 4.015946528865761422e-01 3.207032934274111069e-01 2.069518389220245669e-01 4.880559772095054982e-01 4.597541784095040412e-02 4.244273838675802213e-01
6.999999999999999556e-01 9.250000000000000444e-01 3.540488699506244563e-01 3.791810454480721293e-01 3.207033152602939419e-01 2.036974601632912663e-01 4.881251332220430950e-01 4.570127299805982340e-02 4.629259490396936405e-01
6.999999999999999556e-01 9.499999999999999556e-01 3.359324371258516906e-01 3.623234262742216494e-01 3.207053726061816490e-01 1.607874592921143819e-01 4.880937546095178714e-01 4.542218664473088308e-02 5.058721583169200064e-01
6.999999999999999556e-01 9.750000000000000888e-01 3.245775751855235480e-01 3.518213541374241027e-01 3.208046910347161496e-01 8.265453927897928321e-02 4.879690337646431231e-01 4.513833590598244350e-02 5.522630501969810757e-01
6.999999999999999556e-01 1.000000000000000000e+00 3.207032932685822124e-01 3.482502910653347272e-01 3.222231319878950950e-01 3.338097670767266725e-10 4.877804248893162220e-01 4.484989890183066485e-02 6.003208440716458760e-01
6.999999999999999556e-01 1.024999999999999911e+00 3.245775751855236035e-01 3.518213541374275444e-01 3.280931702360692648e-01 8.265453927897879749e-02 4.875760830151091296e-01 4.455705452670734312e-02 6.477837164322871599e-01
6.999999999999999556e-01 1.050000000000000044e+00 3.359324371258516906e-01 3.623234262742202061e-01 3.402396550209085269e-01 1.607874592921144652e-01 4.874173448031874911e-01 4.425998223143126631e-02 6.924792609574149660e-01
6.999999999999999556e-01 1.075000000000000178e+00 3.540488699506244563e-01 3.791810454480695758e-01 3.586535946800539776e-01 1.855026834938657276e-01 4.873722735069902501e-01 4.395886180814342903e-02 7.232605128228024594e-01
6.999999999999999556e-01 1.100000000000000089e+00 3.779558205839861351e-01 4.015946528865794174e-01 3.826143177837861287e-01 1.826794680873787269e-01 4.875093165298535758e-01 4.365387317860880412e-02 7.481355498940660542e-01
6.999999999999999556e-01 1.125000000000000000e+00 4.066332528376327970e-01 4.286936729496851339e-01 4.112174546896877891e-01 1.799125543681807105e-01 4.878919092276967628e-01 4.334519618626601900e-02 7.700992150295077332e-01
6.999999999999999556e-01 1.149999999999999911e+00 4.391475860269686837e-01 4.596501552562466397e-01 4.435923699693686273e-01 1.772006894336201066e-01 4.881642125177572678e-01 4.303301039240058079e-02 7.857321564962513882e-01
6.999999999999999556e-01 1.175000000000000044e+00 4.747110724570411944e-01 4.937390659316844288e-01 4.789872977140789412e-01 1.745426446499106776e-01 4.875356056681589556e-01 4.271749487678325186e-02 8.000195949910291482e-01
6.999999999999999556e-01 1.200000000000000178e+00 5.126895769501406130e-01 5.303567339320623963e-01 5.167885067063620053e-01 1.719372157685939984e-01 4.873776221245955664e-01 4.239882804311598946e-02 8.131801167412526787e-01
6.999999999999999556e-01 1.225000000000000089e+00 5.525853801118105757e-01 5.690151713505451347e-01 5.565094409519402152e-01 1.693832229688214119e-01 4.877377713384555835e-01 4.207718742958811708e-02 8.241412118487724259e-01
6.999999999999999556e-01 1.250000000000000000e+00 5.940122913823536743e-01 6.093260746325326327e-01 5.977696432798924597e-01 1.668795108339895528e-01 4.877463521734316521e-01 4.175274952484619301e-02 8.344994083041982202e-01
6.999999999999999556e-01 1.274999999999999911e+00 6.366715026709725000e-01 6.509825383426863787e-01 6.402729118427215038e-01 1.644249482704076559e-01 4.873693780714157264e-01 4.142568958964257253e-02 8.434409682846233380e-01
6.999999999999999556e-01 1.300000000000000044e+00 6.803312445517363249e-01 6.937422181380423769e-01 6.837883286006656292e-01 1.620184283749549481e-01 4.877921536621366294e-01 4.109618148441917390e-02 8.516293638448461101e-01
6.999999999999999556e-01 1.325000000000000178e+00 7.248107355119086659e-01 7.374132255574823436e-01 7.281350135043815897e-01 1.596588682579602736e-01 4.873809399892061189e-01 4.076439750305056037e-02 8.593947236010927027e-01
6.999999999999999556e-01 1.350000000000000089e+00 7.699679229119317236e-01 7.818428647925941277e-01 7.731703306844854851e-01 1.573452088269697291e-01 4.876094805905513141e-01 4.043050821296197139e-02 8.665422753137925760e-01
6.999999999999999556e-01 1.375000000000000000e+00 8.156902612593298629e-01 8.269088614999184905e-01 8.187809314191420995e-01 1.550764145364738056e-01 4.874522306998421151e-01 4.009468230179828729e-02 8.724700795747611926e-01
6.999999999999999556e-01 1.399999999999999911e+00 8.618878130669408444e-01 8.725126160847705981e-01 8.648760024842170324e-01 1.528514731081624389e-01 4.874074488312219455e-01 3.975708643081411753e-02 8.781384073156339731e-01
6.999999999999999556e-01 1.425000000000000044e+00 9.084880859501207606e-01 9.185740390556937918e-01 9.113821827840913326e-01 1.506693952258417735e-01 4.883254897614524581e-01 3.941788509512594851e-02 8.835250324515465659e-01
6.999999999999999556e-01 1.450000000000000178e+00 9.554321547411482873e-01 9.650275981686156079e-01 9.582397259229102904e-01 1.485292142087097922e-01 4.903132313377014939e-01 3.907724049093625612e-02 8.886395987629689408e-01
6.999999999999999556e-01 1.475000000000000089e+00 1.002671732080501865e+00 1.011819284866173563e+00 1.005399589045864239e+00 1.464299856663241473e-01 4.931952335875961491e-01 3.873531238983286829e-02 8.934664794398287091e-01
6.999999999999999556e-01 1.500000000000000000e+00 1.050166940211561650e+00 1.058904275762021951e+00 1.052821210502897120e+00 1.443707871382425290e-01 4.968248152754425329e-01 3.839225802024234802e-02 8.976034580121529105e-01
