8.000000000000000444e-01 5.000000000000000000e-01 1.022545952988788365e+00 1.031266168689396023e+00 2.135420941494863278e-01 2.932167851722940477e-01 4.329365820965102030e-01 4.955249468828385601e-02 1.313931611665409283e-01
8.000000000000000444e-01 5.250000000000000222e-01 9.737043832569254320e-01 9.828580318048507625e-01 2.135420941494883262e-01 2.882865476711655717e-01 4.266361088358889275e-01 4.937982090363833565e-02 1.348392251708721568e-01
8.000000000000000444e-01 5.500000000000000444e-01 9.249866085375233471e-01 9.346175210658664856e-01 2.135420941494887703e-01 2.834560595941318373e-01 4.208505727865328727e-01 4.919968982080215325e-02 1.386919346196187619e-01
8.000000000000000444e-01 5.749999999999999556e-01 8.764132735038587807e-01 8.865719997176260136e-01 2.135420941494885483e-01 2.787235717981216832e-01 4.157002023164805271e-01 4.901223232328692087e-02 1.430127727727062981e-01
8.000000000000000444e-01 5.999999999999999778e-01 8.280097982353527009e-01 8.387549765475676988e-01 2.135420941494883262e-01 2.740873156886401429e-01 4.113319731931897039e-01 4.881758379232352396e-02 1.478769645582904690e-01
8.000000000000000444e-01 6.250000000000000000e-01 7.798078134859574018e-01 7.912078808273512731e-01 2.135420941494862723e-01 2.695455096724859168e-01 4.079272125660557413e-01 4.861588390837311840e-02 1.533773712060002015e-01
8.000000000000000444e-01 6.500000000000000222e-01 7.318471329271907244e-01 7.439824666504646355e-01 2.135420941494884650e-01 2.650963648925182548e-01 4.057118912498864360e-01 4.840727644771330995e-02 1.596297438778356281e-01
8.000000000000000444e-01 6.750000000000000444e-01 6.841785044663046822e-01 6.971441104128370814e-01 2.135420941494871050e-01 2.607380903153938556e-01 4.049707214580300918e-01 4.819190907456030737e-02 1.667798910833271364e-01
8.000000000000000444e-01 6.999999999999999556e-01 6.368675105339803855e-01 6.507763906929227016e-01 2.135420941494901026e-01 2.564688972360370522e-01 4.050779034491117092e-01 4.796993312918147040e-02 1.750135657666673228e-01
8.000000000000000444e-01 7.249999999999999778e-01 5.900001915031465316e-01 6.049875293618139915e-01 2.135420941494887981e-01 2.522870032563179765e-01 4.050672210195685463e-01 4.774150341248072776e-02 1.845702423497064260e-01
8.000000000000000444e-01 7.500000000000000000e-01 5.436912965771565354e-01 5.599195573323976216e-01 2.135420941494870495e-01 2.481906357896688231e-01 4.049975030144513100e-01 4.750677796752021675e-02 1.957624648776843390e-01
8.000000000000000444e-01 7.750000000000000222e-01 4.980966030538145350e-01 5.157614862349715334e-01 2.135420941494862168e-01 2.441780351383782133e-01 4.051598335224050884e-01 4.726591785847014671e-02 2.090031042356609858e-01
8.000000000000000444e-01 8.000000000000000444e-01 4.534316111319869891e-01 4.727683478018689933e-01 2.135420941494858837e-01 2.402474571857041719e-01 4.053855593055211148e-01 4.701908694746067402e-02 2.248435160644571829e-01
8.000000000000000444e-01 8.249999999999999556e-01 4.100002755776507302e-01 4.312886628272403766e-01 2.135420941494860780e-01 2.363971757409092933e-01 4.050414327483287669e-01 4.676645166982627833e-02 2.440255918938750157e-01
8.000000000000000444e-01 8.500000000000000888e-01 3.682393596205456587e-01 3.918034082078770131e-01 2.135420941494929337e-01 2.326254845716434205e-01 4.049702128925699030e-01 4.650818080821927242e-02 2.675478914019703836e-01
8.000000000000000444e-01 8.750000000000000000e-01 3.287859881043435073e-01 3.549787468050854544e-01 2.135420941507802928e-01 2.289306991548107073e-01 4.050684767459864499e-01 4.624444526608229022e-02 2.967341821243805189e-01
8.000000000000000444e-01 9.000000000000000222e-01 2.925751629474886428e-01 3.217295614072634979e-01 2.135420943880225464e-01 2.253111581740640801e-01 4.052330313892967273e-01 4.597541784095047351e-02 3.332560352125478742e-01
8.000000000000000444e-01 9.250000000000000444e-01 2.609601999802835248e-01 2.932744630603023039e-01 2.135421271772367513e-01 2.217652247894620066e-01 4.053747982418470230e-01 4.570127299805942789e-02 3.789701498068014374e-01
8.000000000000000444e-01 9.499999999999999556e-01 2.357970016216270337e-01 2.711271116714620288e-01 2.135452169422335233e-01 2.182912877023114318e-01 4.054326034005583668e-01 4.542218664473089695e-02 4.352777813711564692e-01
8.000000000000000444e-01 9.750000000000000888e-01 2.193176371698126736e-01 2.569239394904850871e-01 2.136943458548095365e-01 1.298013911286197142e-01 4.053835303269119894e-01 4.513833590598201329e-02 5.017102857693197526e-01
8.000000000000000444e-01 1.000000000000000000e+00 2.135420941494898250e-01 2.520117272733741753e-01 2.158179103979172009e-01 5.296980095382770542e-10 4.052469734273770885e-01 4.484989890183030403e-02 5.742955163949234887e-01
8.000000000000000444e-01 1.024999999999999911e+00 2.193176371698126181e-01 2.569239394904836993e-01 2.244877547127890338e-01 1.298013911286187705e-01 4.050812013815296431e-01 4.455705452670765537e-02 6.459094426285791890e-01
8.000000000000000444e-01 1.050000000000000044e+00 2.357970016216270337e-01 2.711271116714618068e-01 2.418938744763550752e-01 2.050842151471831687e-01 4.049734425272838445e-01 4.425998223143089161e-02 6.921191652920133386e-01
8.000000000000000444e-01 1.075000000000000178e+00 2.609601999802835248e-01 2.932744630603038027e-01 2.671741466485060279e-01 2.019470369049362612e-01 4.050262536553321802e-01 4.395886180814342903e-02 7.232618038869105259e-01
8.000000000000000444e-01 1.100000000000000089e+00 2.925751629474887539e-01 3.217295614072638310e-01 2.985688192587916401e-01 1.988727622338702372e-01 4.053435251073036483e-01 4.365387317860858207e-02 7.501214745758331137e-01
8.000000000000000444e-01 1.125000000000000000e+00 3.287859881043435073e-01 3.549787468050841222e-01 3.344389611003804053e-01 1.958599751644029829e-01 4.060188752089032294e-01 4.334519618626553328e-02 7.700019461164731016e-01
8.000000000000000444e-01 1.149999999999999911e+00 3.682393596205455477e-01 3.918034082078730718e-01 3.735288668302303994e-01 1.929072885506206703e-01 4.055000148121548631e-01 4.303301039240018527e-02 7.855098254811569980e-01
8.000000000000000444e-01 1.175000000000000044e+00 4.100002755776507302e-01 4.312886628272424305e-01 4.149439179357479190e-01 1.900133440304185295e-01 4.049834015311047364e-01 4.271749487678347390e-02 8.001252901999291733e-01
8.000000000000000444e-01 1.200000000000000178e+00 4.534316111319869891e-01 4.727683478018716023e-01 4.580611141804420416e-01 1.871768119200099278e-01 4.052095296367388966e-01 4.239882804311666253e-02 8.128265467668506217e-01
8.000000000000000444e-01 1.225000000000000089e+00 4.980966030538146461e-01 5.157614862349726437e-01 5.024463966723953234e-01 1.843963910505626580e-01 4.055729200954021896e-01 4.207718742958846403e-02 8.243449211923797870e-01
8.000000000000000444e-01 1.250000000000000000e+00 5.436912965771565354e-01 5.599195573323980657e-01 5.477939120576331700e-01 1.816708085539287532e-01 4.049675547586671920e-01 4.175274952484632485e-02 8.347203874246407196e-01
8.000000000000000444e-01 1.274999999999999911e+00 5.900001915031461985e-01 6.049875293618116601e-01 5.938846902387555637e-01 1.789988196038124757e-01 4.054116607325564670e-01 4.142568958964291947e-02 8.434057941638463118e-01
8.000000000000000444e-01 1.300000000000000044e+00 6.368675105339803855e-01 6.507763906929235898e-01 6.405592103708460661e-01 1.763792071180524390e-01 4.050170784708716498e-01 4.109618148441880614e-02 8.516548653733919672e-01
8.000000000000000444e-01 1.325000000000000178e+00 6.841785044663046822e-01 6.971441104128393018e-01 6.876992231720623350e-01 1.738107814272079610e-01 4.049707214580299808e-01 4.076439750305080323e-02 8.594729687235845850e-01
8.000000000000000444e-01 1.350000000000000089e+00 7.318471329271908354e-01 7.439824666504601947e-01 7.352156036913206627e-01 1.712923799140737002e-01 4.057118912498864916e-01 4.043050821296227670e-02 8.662261840586920059e-01
8.000000000000000444e-01 1.375000000000000000e+00 7.798078134859574018e-01 7.912078808273492747e-01 7.830401249719118884e-01 1.688228666283292378e-01 4.079272125660555193e-01 4.009468230179785014e-02 8.723283886773244289e-01
8.000000000000000444e-01 1.399999999999999911e+00 8.280097982353522568e-01 8.387549765475666996e-01 8.311198008310926033e-01 1.664011318801089379e-01 4.113319731931895928e-01 3.975708643081445059e-02 8.781522167621402808e-01
8.000000000000000444e-01 1.425000000000000044e+00 8.764132735038587807e-01 8.865719997176235712e-01 8.794129330165281200e-01 1.640260918158772396e-01 4.157002023164803606e-01 3.789115333750880943e-02 8.835304742794231059e-01
8.000000000000000444e-01 1.450000000000000178e+00 9.249866085375233471e-01 9.346175210658698163e-01 9.278863055338471000e-01 1.616966879796901679e-01 4.208505727865329282e-01 3.480392506541922504e-02 8.886588695808340654e-01
8.000000000000000444e-01 1.475000000000000089e+00 9.737043832569250990e-01 9.828580318048527609e-01 9.765131628984971002e-01 1.594118868625752916e-01 4.266361088358893161e-01 3.207369197250758974e-02 8.934541838149954174e-01
8.000000000000000444e-01 1.500000000000000000e+00 1.022545952988788365e+00 1.031266168689395579e+00 1.025271732247221790e+00 1.571706794425095088e-01 4.329365820965098144e-01 2.964697304681853871e-02 8.975967623709605325e-01
