8.499999999999999778e-01 5.000000000000000000e-01 1.012726055888141019e+00 1.020959478332473358e+00 1.600439448237575002e-01 3.051413557026086409e-01 4.000847979254321674e-01 4.955249468828350906e-02 9.901632734124804491e-02
8.499999999999999778e-01 5.250000000000000222e-01 9.633867677494589721e-01 9.720381969845276471e-01 1.600439448237584439e-01 3.000010727997475257e-01 3.922695114026724106e-01 4.937982090363870341e-02 1.016653654089903491e-01
8.499999999999999778e-01 5.500000000000000444e-01 9.141192833950884111e-01 9.232325039755316931e-01 1.600439448237602758e-01 2.949658578786776286e-01 3.848162167697453673e-01 4.919968982080218795e-02 1.046333599076743059e-01
8.499999999999999778e-01 5.749999999999999556e-01 8.649358729262823786e-01 8.745617510484495760e-01 1.600439448237601925e-01 2.900337565117779293e-01 3.778224022987334840e-01 4.901223232328692780e-02 1.079703665378141664e-01
8.499999999999999778e-01 5.999999999999999778e-01 8.158517416018369328e-01 8.260497905071650937e-01 1.600439448237573337e-01 2.852028076801216838e-01 3.714082213177350433e-01 4.881758379232357253e-02 1.117381730909924320e-01
8.499999999999999778e-01 6.250000000000000000e-01 7.668859525866611460e-01 7.777263377287229051e-01 1.600439448237550577e-01 2.804710490928541966e-01 3.657233499214199157e-01 4.861588390837322249e-02 1.160138547490214833e-01
8.499999999999999778e-01 6.500000000000000222e-01 7.180627161152083326e-01 7.296288483858937024e-01 1.600439448237596929e-01 2.758365219055373130e-01 3.609564904926214068e-01 4.840727644771351812e-02 1.208946887285103911e-01
8.499999999999999778e-01 6.750000000000000444e-01 6.694132238570960070e-01 6.818051454755453822e-01 1.600439448237574447e-01 2.712972748954581848e-01 3.573487636625466979e-01 4.819190907456025186e-02 1.265050601309243850e-01
8.499999999999999778e-01 6.999999999999999556e-01 6.209783122418612855e-01 6.343171575772867943e-01 1.600439448237597762e-01 2.668513681462031384e-01 3.552129211108485118e-01 4.796993312918142183e-02 1.330063386653569379e-01
8.499999999999999778e-01 7.249999999999999778e-01 5.728124163063773588e-01 5.872463336598454653e-01 1.600439448237570006e-01 2.624968762888427731e-01 3.548345107331407067e-01 4.774150341248085266e-02 1.406112738021182418e-01
8.499999999999999778e-01 7.500000000000000000e-01 5.249895849202634857e-01 5.407016334328296203e-01 1.600439448237607754e-01 2.582318913425158957e-01 3.550539601177360449e-01 4.750677796752023063e-02 1.496053972739827542e-01
8.499999999999999778e-01 7.750000000000000222e-01 4.776128811859564616e-01 4.948315434538581581e-01 1.600439448237598872e-01 2.540545251931785042e-01 3.548463743455316233e-01 4.726591785847020222e-02 1.603794974050119504e-01
8.499999999999999778e-01 8.000000000000000444e-01 4.308295072006449455e-01 4.498424795380390195e-01 1.600439448237555573e-01 2.499629117456460548e-01 3.552358459943980029e-01 4.701908694746122219e-02 1.734798592020795338e-01
8.499999999999999778e-01 8.249999999999999556e-01 3.848559006625085210e-01 4.060274084306773057e-01 1.600439448237588325e-01 2.459552087807484744e-01 3.548174379833848313e-01 4.676645166982611179e-02 1.896872105488604521e-01
8.499999999999999778e-01 8.500000000000000888e-01 3.400206821279416203e-01 3.638107425529538141e-01 1.600439448237682138e-01 2.420295995465009120e-01 3.549442138579999573e-01 4.650818080821943201e-02 2.101414098372837436e-01
8.499999999999999778e-01 8.750000000000000000e-01 2.968401325204369501e-01 3.238182459296130022e-01 1.600439448254900587e-01 2.381842941094723942e-01 3.554538041662824721e-01 4.624444526608245676e-02 2.365340982636159883e-01
8.499999999999999778e-01 9.000000000000000222e-01 2.561524239095750444e-01 2.869812823111140276e-01 1.600439451420295200e-01 2.344175304901430223e-01 3.561353148030868554e-01 4.597541784095032780e-02 2.713783951372801262e-01
8.499999999999999778e-01 9.250000000000000444e-01 2.193491834376198324e-01 2.546728418911826664e-01 1.600439888917450926e-01 2.307275756038436598e-01 3.558759149962164026e-01 4.570127299805953197e-02 3.182578026149566197e-01
8.499999999999999778e-01 9.499999999999999556e-01 1.887168892143749610e-01 2.288192657905589456e-01 1.600481114537369853e-01 2.271127260268647474e-01 3.557902623732404068e-01 4.542218664473057776e-02 3.815142109943783777e-01
8.499999999999999778e-01 9.750000000000000888e-01 1.676724911091579673e-01 2.117976779781362284e-01 1.602470335179917160e-01 1.753224062991836640e-01 3.558623701161249264e-01 4.513833590598241574e-02 4.637656113852213768e-01
8.499999999999999778e-01 1.000000000000000000e+00 1.600439448237597484e-01 2.058112154303782804e-01 1.630681107682509512e-01 7.254635400158043677e-10 3.561057722424725847e-01 4.484989890183058159e-02 5.599398529260860569e-01
8.499999999999999778e-01 1.024999999999999911e+00 1.676724911091578840e-01 2.117976779781398644e-01 1.743805904250561312e-01 1.753224062991827759e-01 3.564820654661274291e-01 4.455705452670748884e-02 6.547268569534345772e-01
8.499999999999999778e-01 1.050000000000000044e+00 1.887168892143749610e-01 2.288192657905561700e-01 1.962816466463030984e-01 2.133713807529027395e-01 3.557808089442340838e-01 4.425998223143109284e-02 6.916119406824006166e-01
8.499999999999999778e-01 1.075000000000000178e+00 2.193491834376198324e-01 2.546728418911800573e-01 2.267065568931791453e-01 2.101075796493356296e-01 3.551561692768779310e-01 4.395886180814329025e-02 7.235958648386816572e-01
8.499999999999999778e-01 1.100000000000000089e+00 2.561524239095752109e-01 2.869812823111138611e-01 2.629775240103040534e-01 2.069093112272920587e-01 3.548199708771557215e-01 4.365387317860868616e-02 7.519736539878265624e-01
8.499999999999999778e-01 1.125000000000000000e+00 2.968401325204369501e-01 3.238182459296108373e-01 3.030895197840088873e-01 2.037750898114680242e-01 3.549558469909812053e-01 4.334519618626633125e-02 7.698365988468731658e-01
8.499999999999999778e-01 1.149999999999999911e+00 3.400206821279413982e-01 3.638107425529515382e-01 3.457421765658300616e-01 2.007034610501559346e-01 3.557009048200016621e-01 4.303301039240057385e-02 7.854606349451295211e-01
8.499999999999999778e-01 1.175000000000000044e+00 3.848559006625085210e-01 4.060274084306744191e-01 3.901183068414914024e-01 1.976930017407509954e-01 3.552514505646749976e-01 4.271749487678341839e-02 8.001756624537940121e-01
8.499999999999999778e-01 1.200000000000000178e+00 4.308295072006449455e-01 4.498424795380372987e-01 4.356992341343155495e-01 1.947423196001074053e-01 3.548182675356600924e-01 4.239882804311602416e-02 8.128161592684703951e-01
8.499999999999999778e-01 1.225000000000000089e+00 4.776128811859566836e-01 4.948315434538586022e-01 4.821475083727773669e-01 1.918500529864837767e-01 3.555471345062631849e-01 4.207718742958796443e-02 8.245683778089222260e-01
8.499999999999999778e-01 1.250000000000000000e+00 5.249895849202634857e-01 5.407016334328276219e-01 5.292371948270492288e-01 1.890148705791681039e-01 3.548134897200777571e-01 4.175274952484626240e-02 8.346946369733461157e-01
8.499999999999999778e-01 1.274999999999999911e+00 5.728124163063771368e-01 5.872463336598405803e-01 5.768126763525480705e-01 1.862354710213004472e-01 3.548036300120305242e-01 4.142568958964264192e-02 8.433982464591026629e-01
8.499999999999999778e-01 1.300000000000000044e+00 6.209783122418612855e-01 6.343171575772884596e-01 6.247639076418615156e-01 1.835105825308830929e-01 3.552129211108484563e-01 4.109618148441886859e-02 8.516632695662472718e-01
8.499999999999999778e-01 1.325000000000000178e+00 6.694132238570960070e-01 6.818051454755456042e-01 6.730111885046652365e-01 1.808389624845000154e-01 3.573487636625468089e-01 4.076439750305046322e-02 8.594952178801195108e-01
8.499999999999999778e-01 1.350000000000000089e+00 7.180627161152086657e-01 7.296288483858992535e-01 7.214955455248450722e-01 1.782193969777792486e-01 3.609564904926210183e-01 3.821496335161096713e-02 8.661314485547856323e-01
8.499999999999999778e-01 1.375000000000000000e+00 7.668859525866611460e-01 7.777263377287220170e-01 7.701724973127963558e-01 1.756507003663309863e-01 3.657233499214198602e-01 3.461369395986934466e-02 8.723071586170183522e-01
8.499999999999999778e-01 1.399999999999999911e+00 8.158517416018367108e-01 8.260497905071630953e-01 8.190079130475584890e-01 1.731317147904214981e-01 3.714082213177347658e-01 3.149989908336029570e-02 8.781558699665511503e-01
8.499999999999999778e-01 1.425000000000000044e+00 8.649358729262823786e-01 8.745617510484483548e-01 8.679751984116448327e-01 1.706613096863854873e-01 3.778224022987334840e-01 2.878768389012810111e-02 8.835319088547765043e-01
8.499999999999999778e-01 1.450000000000000178e+00 9.141192833950884111e-01 9.232325039755289176e-01 9.170533432130627549e-01 1.682383812874662932e-01 3.848162167697454228e-01 2.640958487850189954e-02 8.886634243064142069e-01
8.499999999999999778e-01 1.475000000000000089e+00 9.633867677494589721e-01 9.720381969845257597e-01 9.662255407590039091e-01 1.658618521164695880e-01 3.922695114026733543e-01 2.431196884236165590e-02 8.934518901714584294e-01
8.499999999999999778e-01 1.500000000000000000e+00 1.012726055888141019e+00 1.020959478332479797e+00 1.015478194372591680e+00 1.635306704724095450e-01 4.000847979254322229e-01 2.245172590764871190e-02 8.975955259278237675e-01
