5.000000000000000000e-01 5.000000000000000000e-01 1.134223772788560014e+00 1.135391581236232739e+00 5.352229131480732427e-01 2.203234303918810699e-01 6.151895177607580312e-01 4.955249468828372417e-02 3.101624078159653797e-01
5.000000000000000000e-01 5.250000000000000222e-01 1.090396059585100774e+00 1.091610756058273513e+00 5.352229131480721325e-01 2.166732320156226632e-01 6.151278905490852322e-01 4.937982090363878668e-02 3.167199307913173278e-01
5.000000000000000000e-01 5.500000000000000444e-01 1.047121562550745288e+00 1.048386399540798930e+00 5.352229131480767954e-01 2.130920274240629131e-01 6.151135387686010869e-01 4.919968982080214631e-02 3.239062408467330845e-01
5.000000000000000000e-01 5.749999999999999556e-01 1.004471784949042323e+00 1.005790257828196310e+00 5.352229131480721325e-01 2.095790951109328670e-01 6.151140074260837975e-01 4.901223232328685842e-02 3.317834850681566916e-01
5.000000000000000000e-01 5.999999999999999778e-01 9.625297744790626275e-01 9.639056192087048780e-01 5.352229131480761293e-01 2.061336397567906653e-01 6.151282017011611147e-01 4.881758379232367662e-02 3.404213753144069710e-01
5.000000000000000000e-01 6.250000000000000000e-01 9.213921894387400169e-01 9.228293681619135214e-01 5.352229131480742419e-01 2.027548031160172071e-01 6.151962026331454503e-01 4.861588390837312534e-02 3.498977193889837856e-01
5.000000000000000000e-01 6.500000000000000222e-01 8.811717010655273352e-01 8.826743695962392389e-01 5.352229131480737978e-01 1.994416737334263889e-01 6.151443669657152835e-01 4.840727644771374016e-02 3.602987390558867742e-01
5.000000000000000000e-01 6.750000000000000444e-01 8.419997427307891469e-01 8.435721917785748980e-01 5.352229131480780167e-01 1.961932956111927528e-01 6.151289190593347556e-01 4.819190907456011308e-02 3.717189997265808454e-01
5.000000000000000000e-01 6.999999999999999556e-01 8.040295807734408884e-01 8.056761401097287667e-01 5.352229131480763513e-01 1.930086759340441105e-01 6.153022455558989634e-01 4.796993312918161612e-02 3.842606923831442534e-01
5.000000000000000000e-01 7.249999999999999778e-01 7.674396176629891819e-01 7.691645095440342583e-01 5.352229131480781277e-01 1.898867919494719725e-01 6.152760523182175811e-01 4.774150341248049184e-02 3.980318984626262102e-01
5.000000000000000000e-01 7.500000000000000000e-01 7.324367322565921157e-01 7.342438578170822350e-01 5.352229131480747970e-01 1.868265970895585659e-01 6.151638148277397411e-01 4.750677796752039717e-02 4.131433375992690227e-01
5.000000000000000000e-01 7.750000000000000222e-01 6.992592986573112901e-01 7.011519398405121617e-01 5.352229131480747970e-01 1.838270264121024122e-01 6.151172954565430340e-01 4.726591785847009813e-02 4.297029666188720287e-01
5.000000000000000000e-01 8.000000000000000444e-01 6.681792923749696467e-01 6.701597143533135625e-01 5.352229131480673585e-01 1.808870014306949714e-01 6.151114690349421821e-01 4.701908694746075035e-02 4.478077159102198945e-01
5.000000000000000000e-01 8.249999999999999556e-01 6.395025932384599265e-01 6.415715414060374489e-01 5.352229131480747970e-01 1.780054343962517716e-01 6.151246776154080109e-01 4.676645166982656976e-02 4.675317129389207071e-01
5.000000000000000000e-01 8.500000000000000888e-01 6.135662692478418556e-01 6.157223747291599159e-01 5.352229131480792379e-01 1.751812320860816063e-01 6.151401039346902078e-01 4.650818080821945977e-02 4.889107061676090660e-01
5.000000000000000000e-01 8.750000000000000000e-01 5.907313829133468142e-01 5.929705243451134367e-01 5.352229131485923830e-01 1.724132991508820489e-01 6.151469731248790929e-01 4.624444526608248451e-02 5.119232554929535883e-01
5.000000000000000000e-01 9.000000000000000222e-01 5.713699036164883172e-01 5.736846195795368697e-01 5.352229132432444469e-01 1.654876268932776451e-01 6.151413480776357634e-01 4.597541784095057066e-02 5.364707259375999238e-01
5.000000000000000000e-01 9.250000000000000444e-01 5.558449125059210516e-01 5.582240076726521227e-01 5.352229263254183467e-01 1.273867516521067222e-01 6.151264249060723888e-01 4.570127299805967769e-02 5.623600722201148594e-01
5.000000000000000000e-01 9.499999999999999556e-01 5.444846800036849954e-01 5.469131948875601834e-01 5.352241590809123650e-01 8.657938213126617488e-02 6.151122928949588342e-01 4.542218664473084838e-02 5.892951721211666660e-01
5.000000000000000000e-01 9.750000000000000888e-01 5.375533152708804607e-01 5.400130023824556424e-01 5.352836764139934367e-01 4.380743183973612176e-02 6.151151879047977999e-01 4.513833590598254064e-02 6.168828105451409360e-01
5.000000000000000000e-01 1.000000000000000000e+00 5.352229131480782387e-01 5.376932608301110417e-01 5.361349748276906801e-01 1.759353374705464269e-10 6.151563273708121615e-01 4.484989890183076894e-02 6.446570238257157692e-01
5.000000000000000000e-01 1.024999999999999911e+00 5.375533152708806828e-01 5.400130023824553094e-01 5.396833264062881330e-01 4.380743183973561522e-02 6.152604582118229581e-01 4.455705452670757905e-02 6.721201888822783133e-01
5.000000000000000000e-01 1.050000000000000044e+00 5.444846800036849954e-01 5.469131948875547433e-01 5.471526179176594562e-01 8.657938213126617488e-02 6.154542697163853937e-01 4.425998223143133570e-02 6.987929022587484607e-01
5.000000000000000000e-01 1.075000000000000178e+00 5.558449125059210516e-01 5.582240076726526778e-01 5.587891958711441731e-01 1.273867516521067222e-01 6.157648207512632643e-01 4.395886180814352617e-02 7.242607761211357076e-01
5.000000000000000000e-01 1.100000000000000089e+00 5.713699036164883172e-01 5.736846195795337611e-01 5.744620793564652050e-01 1.498554832766265665e-01 6.154113741826801043e-01 4.365387317860856820e-02 7.482073113468873382e-01
5.000000000000000000e-01 1.125000000000000000e+00 5.907313829133468142e-01 5.929705243451077745e-01 5.938962531342204532e-01 1.475912399062026537e-01 6.151755357586605744e-01 4.334519618626575532e-02 7.685052841390298539e-01
5.000000000000000000e-01 1.149999999999999911e+00 6.135662692478418556e-01 6.157223747291590277e-01 6.167553446387290528e-01 1.453717071426173235e-01 6.151137369740753424e-01 4.303301039240052528e-02 7.853508961101931529e-01
5.000000000000000000e-01 1.175000000000000044e+00 6.395025932384599265e-01 6.415715414060348953e-01 6.426832779968980613e-01 1.431959143543942714e-01 6.152621162282937428e-01 4.271749487678344614e-02 8.003159395361945094e-01
5.000000000000000000e-01 1.200000000000000178e+00 6.681792923749696467e-01 6.701597143533153389e-01 6.713295205107494557e-01 1.410629076022148487e-01 6.156498845174942502e-01 4.239882804311645437e-02 8.128202749044703967e-01
5.000000000000000000e-01 1.225000000000000089e+00 6.992592986573117342e-01 7.011519398405136050e-01 7.023643800151306849e-01 1.389717499826563507e-01 6.153166980814677167e-01 4.207718742958833913e-02 8.245989549798136142e-01
5.000000000000000000e-01 1.250000000000000000e+00 7.324367322565921157e-01 7.342438578170853436e-01 7.354872608498150832e-01 1.369215218881181806e-01 6.151112130609597273e-01 4.175274952484608892e-02 8.346386054085715989e-01
5.000000000000000000e-01 1.274999999999999911e+00 7.674396176629891819e-01 7.691645095440342583e-01 7.704299877892548665e-01 1.349113211922596811e-01 6.152702928649107506e-01 4.142568958964272519e-02 8.433837196346796183e-01
5.000000000000000000e-01 1.300000000000000044e+00 8.040295807734408884e-01 8.056761401097295439e-01 8.069569026756593377e-01 1.329402633693118618e-01 6.154829080810942932e-01 4.109618148441916696e-02 8.516236044587984777e-01
5.000000000000000000e-01 1.325000000000000178e+00 8.419997427307891469e-01 8.435721917785794499e-01 8.448630435380783954e-01 1.310074815548285254e-01 6.151210162105862356e-01 4.076439750305092119e-02 8.591878918865487602e-01
5.000000000000000000e-01 1.350000000000000089e+00 8.811717010655274462e-01 8.826743695962382397e-01 8.839713370331396813e-01 1.291121265546557040e-01 6.152693423315159782e-01 4.043050821296236691e-02 8.663645294680560882e-01
5.000000000000000000e-01 1.375000000000000000e+00 9.213921894387400169e-01 9.228293681619137434e-01 9.241294163162427910e-01 1.272533668082410363e-01 6.152202836100609806e-01 4.009468230179824566e-02 8.726936830038858339e-01
5.000000000000000000e-01 1.399999999999999911e+00 9.625297744790622945e-01 9.639056192087027686e-01 9.652064360117380559e-01 1.254303883117785234e-01 6.151629532001945400e-01 3.975708643081447835e-02 8.782259603261666214e-01
5.000000000000000000e-01 1.425000000000000044e+00 1.004471784949042323e+00 1.005790257828197198e+00 1.007090089089199392e+00 1.236423945061331242e-01 6.151580113790366955e-01 3.941788509512658689e-02 8.835181220438168559e-01
5.000000000000000000e-01 1.450000000000000178e+00 1.047121562550745288e+00 1.048386399540795821e+00 1.049683922322439233e+00 1.218886061340119786e-01 6.152532052170845978e-01 3.907724049093585367e-02 8.885396607055633389e-01
5.000000000000000000e-01 1.475000000000000089e+00 1.090396059585100108e+00 1.091610756058274179e+00 1.092904981276496823e+00 1.201682610703674048e-01 6.151540222621086906e-01 3.873531238983315278e-02 8.931819754066187000e-01
5.000000000000000000e-01 1.500000000000000000e+00 1.134223772788560014e+00 1.135391581236234071e+00 1.136681778568734202e+00 1.184806141296126797e-01 6.151895177607580312e-01 3.839225802024238271e-02 8.976226757373753085e-01
