7.249999999999999778e-01 5.000000000000000000e-01 1.042294704779184400e+00 1.051131391168081741e+00 2.939017720442076431e-01 2.752007118236579064e-01 4.811120250124343301e-01 4.955249468828347437e-02 1.788769011035734047e-01
7.249999999999999778e-01 5.250000000000000222e-01 9.944235775617584761e-01 1.003681822839761484e+00 2.939017720442084758e-01 2.705876531970708432e-01 4.768638344689587472e-01 4.937982090363879362e-02 1.833867100222522084e-01
7.249999999999999778e-01 5.500000000000000444e-01 9.467725448124943988e-01 9.564921335269538361e-01 2.939017720442054227e-01 2.660664458556850631e-01 4.733147381956920308e-01 4.919968982080204223e-02 1.884080643531737542e-01
7.249999999999999778e-01 5.749999999999999556e-01 8.993765905396506888e-01 9.096027712682873689e-01 2.939017720442085313e-01 2.616356327276505023e-01 4.706071732363307225e-01 4.901223232328649759e-02 1.940127357462566593e-01
7.249999999999999778e-01 5.999999999999999778e-01 8.522782712299589170e-01 8.630626868883539693e-01 2.939017720442074211e-01 2.572937197630048578e-01 4.689125335648691162e-01 4.881758379232395417e-02 2.002870519033668750e-01
7.249999999999999778e-01 6.250000000000000000e-01 8.055297956070447407e-01 8.169315769995326715e-01 2.939017720442093085e-01 2.530391839074176974e-01 4.684225652187911648e-01 4.861588390837291718e-02 2.073354680980445952e-01
7.249999999999999778e-01 6.500000000000000222e-01 7.591957926719082872e-01 7.712828284740618212e-01 2.939017720442080872e-01 2.488704802009954475e-01 4.684309023881157441e-01 4.840727644771371241e-02 2.152851427962357289e-01
7.249999999999999778e-01 6.750000000000000444e-01 7.133570295516313831e-01 7.262074094216793840e-01 2.939017720442073656e-01 2.447860480904624492e-01 4.684631916807718843e-01 4.819190907456047390e-02 2.242917991851146042e-01
7.249999999999999778e-01 6.999999999999999556e-01 6.681154478162639743e-01 6.818190386744497067e-01 2.939017720442101411e-01 2.407843170338638261e-01 4.686123887080753114e-01 4.796993312918178265e-02 2.345472015150127931e-01
7.249999999999999778e-01 7.249999999999999778e-01 6.236010356074846994e-01 6.382610762837914731e-01 2.939017720442077541e-01 2.368637114688836032e-01 4.684417458023214520e-01 4.774150341248042939e-02 2.462885813070894159e-01
7.249999999999999778e-01 7.500000000000000000e-01 5.799812510855220093e-01 5.957157052646403494e-01 2.939017720442078652e-01 2.330226552085808422e-01 4.685410008556674666e-01 4.750677796751993920e-02 2.598102339732625832e-01
7.249999999999999778e-01 7.750000000000000222e-01 5.374739543556760202e-01 5.544160905844498499e-01 2.939017720442092529e-01 2.292595753219840160e-01 4.688832721197470077e-01 4.726591785846995936e-02 2.754770933750163575e-01
7.249999999999999778e-01 8.000000000000000444e-01 4.963650386668337355e-01 5.146622207807226568e-01 2.939017720442083093e-01 2.255729055511763170e-01 4.685716390793286945e-01 4.701908694746080586e-02 2.937390050176877931e-01
7.249999999999999778e-01 8.249999999999999556e-01 4.570320028299194592e-01 4.768408555261891002e-01 2.939017720442104187e-01 2.219610893113810324e-01 4.684405559788919482e-01 4.676645166982654200e-02 3.151419202073504344e-01
7.249999999999999778e-01 8.500000000000000888e-01 4.199741082623157373e-01 4.414489794970073433e-01 2.939017720442125281e-01 2.184225823159726965e-01 4.684272029738775767e-01 4.650818080821934875e-02 3.403270411074929003e-01
7.249999999999999778e-01 8.750000000000000000e-01 3.858474460336978051e-01 4.091175888408480343e-01 2.939017720451517768e-01 2.149558548641565814e-01 4.684721929587907785e-01 4.624444526608240125e-02 3.699993924962233782e-01
7.249999999999999778e-01 9.000000000000000222e-01 3.554971893148065054e-01 3.806273788089186150e-01 2.939017722175254477e-01 2.115593938253969575e-01 4.685257693771058274e-01 4.597541784095035555e-02 4.048331500327005394e-01
7.249999999999999778e-01 9.250000000000000444e-01 3.299670462496632206e-01 3.568994277089094225e-01 2.939017960413952135e-01 2.082317043513356725e-01 4.685535377127648671e-01 4.570127299805964299e-02 4.452700861036715807e-01
7.249999999999999778e-01 9.499999999999999556e-01 3.104484685269479627e-01 3.389353942847312950e-01 2.939040409995781200e-01 1.768841778681218280e-01 4.685406948468695543e-01 4.542218664473096634e-02 4.911885490608409732e-01
7.249999999999999778e-01 9.750000000000000888e-01 2.981245572084383344e-01 3.276846067470181589e-01 2.940124131517103390e-01 9.133379130158950088e-02 4.684939138233371048e-01 4.513833590598224921e-02 5.415242424908754959e-01
7.249999999999999778e-01 1.000000000000000000e+00 2.939017720442110848e-01 3.238474972868353174e-01 2.955594628590004769e-01 3.694587270905017064e-10 4.684404894992999502e-01 4.484989890183056771e-02 5.941069595706420792e-01
7.249999999999999778e-01 1.024999999999999911e+00 2.981245572084381679e-01 3.276846067470187696e-01 3.019483029476525138e-01 9.133379130158948700e-02 4.684249253104607047e-01 4.455705452670766231e-02 6.460286649072805032e-01
7.249999999999999778e-01 1.050000000000000044e+00 3.104484685269479627e-01 3.389353942847324053e-01 3.151042242594671583e-01 1.768841778681216614e-01 4.685036576462995872e-01 4.425998223143104426e-02 6.936292705266338121e-01
7.249999999999999778e-01 1.075000000000000178e+00 3.299670462496632206e-01 3.568994277089078127e-01 3.349030460810018539e-01 1.896286885997741090e-01 4.687389136384597088e-01 4.395886180814359556e-02 7.233261279580995851e-01
7.249999999999999778e-01 1.100000000000000089e+00 3.554971893148066719e-01 3.806273788089190591e-01 3.604460645791093820e-01 1.867423372449664165e-01 4.691927170020573912e-01 4.365387317860855432e-02 7.483747338703938823e-01
7.249999999999999778e-01 1.125000000000000000e+00 3.858474460336978051e-01 4.091175888408459249e-01 3.906756254732018929e-01 1.839135919993719892e-01 4.691293975239448910e-01 4.334519618626635207e-02 7.704170992590585465e-01
7.249999999999999778e-01 1.149999999999999911e+00 4.199741082623157373e-01 4.414489794970051229e-01 4.246196415528287194e-01 1.811411664453371206e-01 4.685700578773857039e-01 4.303301039240042120e-02 7.856566669575018036e-01
7.249999999999999778e-01 1.175000000000000044e+00 4.570320028299194592e-01 4.768408555261893222e-01 4.614720800534396483e-01 1.784237995336754035e-01 4.684318698019662164e-01 4.271749487678359880e-02 8.000412854764529236e-01
7.249999999999999778e-01 1.200000000000000178e+00 4.963650386668337355e-01 5.146622207807263205e-01 5.005976527723698943e-01 1.757602556481756007e-01 4.687795969298696463e-01 4.239882804311592701e-02 8.130411737019768159e-01
7.249999999999999778e-01 1.225000000000000089e+00 5.374739543556762422e-01 5.544160905844501830e-01 5.415075319569018220e-01 1.731493245996445496e-01 4.689815422659845967e-01 4.207718742958797831e-02 8.241511790828461859e-01
7.249999999999999778e-01 1.250000000000000000e+00 5.799812510855220093e-01 5.957157052646394613e-01 5.838289096339650541e-01 1.705898215576694410e-01 4.684339309477720814e-01 4.175274952484647750e-02 8.346375833039730852e-01
7.249999999999999778e-01 1.274999999999999911e+00 6.236010356074845884e-01 6.382610762837919172e-01 6.272774911767226014e-01 1.680805869274627495e-01 4.687001060863014157e-01 4.142568958964278070e-02 8.434290329275289100e-01
7.249999999999999778e-01 1.300000000000000044e+00 6.681154478162639743e-01 6.818190386744460429e-01 6.716354127262059714e-01 1.656204861784763560e-01 4.685365764634472074e-01 4.109618148441883390e-02 8.516361420161325801e-01
7.249999999999999778e-01 1.325000000000000178e+00 7.133570295516313831e-01 7.262074094216812714e-01 7.167344328190454750e-01 1.632084096307669929e-01 4.685784105318662185e-01 4.076439750305103915e-02 8.594177826457324310e-01
7.249999999999999778e-01 1.350000000000000089e+00 7.591957926719082872e-01 7.712828284740609330e-01 7.624434467868228538e-01 1.608432722045363694e-01 4.684225764068878917e-01 4.043050821296211711e-02 8.664450929673850332e-01
7.249999999999999778e-01 1.375000000000000000e+00 8.055297956070447407e-01 8.169315769995304510e-01 8.086592996763277696e-01 1.585240131377411155e-01 4.684357029575200171e-01 4.009468230179823178e-02 8.724197011413046265e-01
7.249999999999999778e-01 1.399999999999999911e+00 8.522782712299583618e-01 8.630626868883529701e-01 8.553000344735747218e-01 1.562495956761512095e-01 4.689125335648691162e-01 3.975708643081469346e-02 8.781298698453064988e-01
7.249999999999999778e-01 1.425000000000000044e+00 8.993765905396506888e-01 9.096027712682804856e-01 9.022999126641375600e-01 1.540190067398234386e-01 4.706071732363310001e-01 3.941788509512650363e-02 8.835266032206262610e-01
7.249999999999999778e-01 1.450000000000000178e+00 9.467725448124943988e-01 9.564921335269501723e-01 9.496057190403958126e-01 1.518312565695452421e-01 4.733147381956919197e-01 3.907724049093623531e-02 8.886455721092436644e-01
7.249999999999999778e-01 1.475000000000000089e+00 9.944235775617586981e-01 1.003681822839760152e+00 9.971739983327907453e-01 1.496853783564509877e-01 4.768638344689582476e-01 3.873531238983300706e-02 8.934624236881711923e-01
7.249999999999999778e-01 1.500000000000000000e+00 1.042294704779184400e+00 1.051131391168081741e+00 1.044968971109759170e+00 1.475804278576795525e-01 4.811120250124343301e-01 3.839225802024258394e-02 8.976012371057383588e-01
