5.250000000000000222e-01 5.000000000000000000e-01 1.121816613397699447e+00 1.124714217878087563e+00 5.084019218050603861e-01 2.264767417269609173e-01 6.011428392273669985e-01 4.955249468828394621e-02 2.965291350242518220e-01
5.250000000000000222e-01 5.250000000000000222e-01 1.077484345174017699e+00 1.080500843080242301e+00 5.084019218050626066e-01 2.227189020375674178e-01 6.008510380305754905e-01 4.937982090363886994e-02 3.029447376685013849e-01
5.250000000000000222e-01 5.500000000000000444e-01 1.033669441405269396e+00 1.036813421931407575e+00 5.084019218050614963e-01 2.190325232293242053e-01 6.008889242655753860e-01 4.919968982080220182e-02 3.099887255562425170e-01
5.250000000000000222e-01 5.749999999999999556e-01 9.904405656550439030e-01 9.937213250691130373e-01 5.084019218050634947e-01 2.154168135418152996e-01 6.008873159647896145e-01 4.901223232328690699e-02 3.177262542017882940e-01
5.250000000000000222e-01 5.999999999999999778e-01 9.478779004149655574e-01 9.513054566736782736e-01 5.084019218050639388e-01 2.118709102018854207e-01 6.009453704635563387e-01 4.881758379232360723e-02 3.262310519001470066e-01
5.250000000000000222e-01 6.250000000000000000e-01 9.060753357724088408e-01 9.096604157030916404e-01 5.084019218050621625e-01 2.083938901243840291e-01 6.008492314695923486e-01 4.861588390837307677e-02 3.355862415658280029e-01
5.250000000000000222e-01 6.500000000000000222e-01 8.651430599011260547e-01 8.688970433239592284e-01 5.084019218050608302e-01 2.049847794605813012e-01 6.010464026969957185e-01 4.840727644771354587e-02 3.458850159135403168e-01
5.250000000000000222e-01 6.750000000000000444e-01 8.252105877259957589e-01 8.291453864655515815e-01 5.084019218050627176e-01 2.016425621129872281e-01 6.008628997354454881e-01 4.819190907456033512e-02 3.572309923710372259e-01
5.250000000000000222e-01 6.999999999999999556e-01 7.864302347284745087e-01 7.905580762329333933e-01 5.084019218050648270e-01 1.983661873228255712e-01 6.008809969216802882e-01 4.796993312918151897e-02 3.697379764940234015e-01
5.250000000000000222e-01 7.249999999999999778e-01 7.489809838007126519e-01 7.533140592721720985e-01 5.084019218050628286e-01 1.951545764253119764e-01 6.010621704106052787e-01 4.774150341248051266e-02 3.835287269923138287e-01
5.250000000000000222e-01 7.500000000000000000e-01 7.130725868346666774e-01 7.176225135104896680e-01 5.084019218050650490e-01 1.920066288579586056e-01 6.010905728152935446e-01 4.750677796752030696e-02 3.987321396011729857e-01
5.250000000000000222e-01 7.750000000000000222e-01 6.789495666800910989e-01 6.837266061059168454e-01 5.084019218050599420e-01 1.889212274983547157e-01 6.009661566423110113e-01 4.726591785847036181e-02 4.154780642552115544e-01
5.250000000000000222e-01 8.000000000000000444e-01 6.468945154312899515e-01 6.519064901480213781e-01 5.084019218050619404e-01 1.858972433999340756e-01 6.008987372082190692e-01 4.701908694746097239e-02 4.338887878805530174e-01
5.250000000000000222e-01 8.249999999999999556e-01 6.172297093425457293e-01 6.224805795341062931e-01 5.084019218050630506e-01 1.829335399872664691e-01 6.008672526623245469e-01 4.676645166982633384e-02 4.540661636574931381e-01
5.250000000000000222e-01 8.500000000000000888e-01 5.903156054985190249e-01 5.958037192709655372e-01 5.084019218050641609e-01 1.800289767660671059e-01 6.008553170112309605e-01 4.650818080821964018e-02 4.760736489507710334e-01
5.250000000000000222e-01 8.750000000000000000e-01 5.665443619833163691e-01 5.722604930423909053e-01 5.084019218056092804e-01 1.771824125975571818e-01 6.008524184695969161e-01 4.624444526608244288e-02 4.999134218779308636e-01
5.250000000000000222e-01 9.000000000000000222e-01 5.463263805593532307e-01 5.522518192791362468e-01 5.084019219052523519e-01 1.743927085817031375e-01 6.008547136191141336e-01 4.597541784095039025e-02 5.255005666750647286e-01
5.250000000000000222e-01 9.250000000000000444e-01 5.300684051092680038e-01 5.361735464354026037e-01 5.084019356775824061e-01 1.361173904726359352e-01 6.008653226138521708e-01 4.570127299805956667e-02 5.526390455757538289e-01
5.250000000000000222e-01 9.499999999999999556e-01 5.181433335430296605e-01 5.243873300310738506e-01 5.084032334675270270e-01 9.265931235814051092e-02 6.008940893312355591e-01 4.542218664473041123e-02 5.810070588513001066e-01
5.250000000000000222e-01 9.750000000000000888e-01 5.108546898043349049e-01 5.171866895977879075e-01 5.084658902735236241e-01 4.693108164715865949e-02 6.009568358352876949e-01 4.513833590598230472e-02 6.101606446125129590e-01
5.250000000000000222e-01 1.000000000000000000e+00 5.084019218050651601e-01 5.147640934419546177e-01 5.093620113140115979e-01 1.885462279476747820e-10 6.010742004410891681e-01 4.484989890183065098e-02 6.395617370705205529e-01
5.250000000000000222e-01 1.024999999999999911e+00 5.108546898043350160e-01 5.171866895977890177e-01 5.130955467915530033e-01 4.693108164715895092e-02 6.012701921979233255e-01 4.455705452670737782e-02 6.686295562677092574e-01
5.250000000000000222e-01 1.050000000000000044e+00 5.181433335430296605e-01 5.243873300310727403e-01 5.209461916844362328e-01 9.265931235814051092e-02 6.015003916051837596e-01 4.425998223143118998e-02 6.968047344298388124e-01
5.250000000000000222e-01 1.075000000000000178e+00 5.300684051092680038e-01 5.361735464353976077e-01 5.331550550812500511e-01 1.361173904726359352e-01 6.011665746371814834e-01 4.395886180814362332e-02 7.236094490709086280e-01
5.250000000000000222e-01 1.100000000000000089e+00 5.463263805593534528e-01 5.522518192791396885e-01 5.495594853652518985e-01 1.539878512661661536e-01 6.009339331295199260e-01 4.365387317860859595e-02 7.482206401616116054e-01
5.250000000000000222e-01 1.125000000000000000e+00 5.665443619833163691e-01 5.722604930423884628e-01 5.698435810143247515e-01 1.516600389656100611e-01 6.008479688194473534e-01 4.334519618626594961e-02 7.688039923571128309e-01
5.250000000000000222e-01 1.149999999999999911e+00 5.903156054985190249e-01 5.958037192709670915e-01 5.936296004048384756e-01 1.493782449911980892e-01 6.009494543604324557e-01 4.303301039240067793e-02 7.853782435056065880e-01
5.250000000000000222e-01 1.175000000000000044e+00 6.172297093425457293e-01 6.224805795341078474e-01 6.205245709504204621e-01 1.471414666289169448e-01 6.012729880803386884e-01 4.271749487678329349e-02 8.002108518126618275e-01
5.250000000000000222e-01 1.200000000000000178e+00 6.468945154312899515e-01 6.519064901480251528e-01 6.501478850581319247e-01 1.449487187489744144e-01 6.012280287540030521e-01 4.239882804311605191e-02 8.128512089370015792e-01
5.250000000000000222e-01 1.225000000000000089e+00 6.789495666800913209e-01 6.837266061059196209e-01 6.821471026475194321e-01 1.427990341203881908e-01 6.008871959471968616e-01 4.207718742958831831e-02 8.247458445977171593e-01
5.250000000000000222e-01 1.250000000000000000e+00 7.130725868346666774e-01 7.176225135104949970e-01 7.162055977222852032e-01 1.406914636431529364e-01 6.009005661774506901e-01 4.175274952484620689e-02 8.344805261763577064e-01
5.250000000000000222e-01 1.274999999999999911e+00 7.489809838007125409e-01 7.533140592721742079e-01 7.520447549323932002e-01 1.386250765071648239e-01 6.012866890673206344e-01 4.142568958964264192e-02 8.433624638983655553e-01
5.250000000000000222e-01 1.300000000000000044e+00 7.864302347284745087e-01 7.905580762329322830e-01 7.894228208712059658e-01 1.365989602861930607e-01 6.009742808605528230e-01 4.109618148441891022e-02 8.516151420164262964e-01
5.250000000000000222e-01 1.325000000000000178e+00 8.252105877259957589e-01 8.291453864655560224e-01 8.281319397733608589e-01 1.346122209743577380e-01 6.008721125302119992e-01 4.076439750305073384e-02 8.592111584677619707e-01
5.250000000000000222e-01 1.350000000000000089e+00 8.651430599011259437e-01 8.688970433239588953e-01 8.679943963140055452e-01 1.326639829718341268e-01 6.012751332567987106e-01 4.043050821296216568e-02 8.664153903401161649e-01
5.250000000000000222e-01 1.375000000000000000e+00 9.060753357724088408e-01 9.096604157030894200e-01 9.088586938778564495e-01 1.307533890258080200e-01 6.008535063921225383e-01 4.009468230179794035e-02 8.726708903679510909e-01
5.250000000000000222e-01 1.399999999999999911e+00 9.478779004149655574e-01 9.513054566736793838e-01 9.505958191864982698e-01 1.288796001321437235e-01 6.010887214956377456e-01 3.975708643081443672e-02 8.782148917597306648e-01
5.250000000000000222e-01 1.425000000000000044e+00 9.904405656550439030e-01 9.937213250691141475e-01 9.930958638913265357e-01 1.270417954026460683e-01 6.008495327620605453e-01 3.941788509512623995e-02 8.835175463109208316e-01
5.250000000000000222e-01 1.450000000000000178e+00 1.033669441405269396e+00 1.036813421931408907e+00 1.036265064603930863e+00 1.252391719023154271e-01 6.008626523720330681e-01 3.907724049093597163e-02 8.885226108409741697e-01
5.250000000000000222e-01 1.475000000000000089e+00 1.077484345174018587e+00 1.080500843080244522e+00 1.080023261525119516e+00 1.234709444605518319e-01 6.008503660307442651e-01 3.873531238983313196e-02 8.932043770250885917e-01
5.250000000000000222e-01 1.500000000000000000e+00 1.121816613397699447e+00 1.124714217878087119e+00 1.124301744669353287e+00 1.217363454598685835e-01 6.011428392273669985e-01 3.839225802024266027e-02 8.976306045961210955e-01
