9.000000000000000222e-01 5.000000000000000000e-01 1.005677509719827833e+00 1.012992732601133650e+00 1.067110751340926700e-01 3.169930354936375538e-01 3.667921144063277517e-01 4.955249468828351600e-02 6.628170656090914825e-02
9.000000000000000222e-01 5.250000000000000222e-01 9.559745046580867545e-01 9.636670982775675798e-01 1.067110751340928226e-01 3.116440074353731271e-01 3.573670438219909706e-01 4.937982090363883525e-02 6.808063687760862459e-02
9.000000000000000222e-01 5.500000000000000444e-01 9.063041727567371364e-01 9.144147178948445198e-01 1.067110751340929475e-01 3.064053953832373001e-01 3.481307958628013233e-01 4.919968982080201447e-02 7.009936786791848284e-02
9.000000000000000222e-01 5.749999999999999556e-01 8.566721972588314804e-01 8.652481010107455628e-01 1.067110751340940716e-01 3.012750324844009064e-01 3.391524711536352821e-01 4.901223232328656698e-02 7.237333088974434725e-02
9.000000000000000222e-01 5.999999999999999778e-01 8.070856544111502107e-01 8.161827468788515061e-01 1.067110751340926700e-01 2.962507589476404690e-01 3.305177245161126653e-01 4.881758379232334355e-02 7.494654779348353113e-02
9.000000000000000222e-01 6.250000000000000000e-01 7.575534658070508520e-01 7.672380831936784773e-01 1.067110751340923924e-01 2.913304261511781013e-01 3.223339854925928449e-01 4.861588390837314616e-02 7.787435827850991421e-02
9.000000000000000222e-01 6.500000000000000222e-01 7.080870381219209753e-01 7.184387770037954368e-01 1.067110751340934194e-01 2.865119002741618459e-01 3.147378181179467660e-01 4.840727644771361526e-02 8.122725595471902427e-02
9.000000000000000222e-01 6.750000000000000444e-01 6.587011868489950350e-01 6.698165990050621854e-01 1.067110751340938496e-01 2.817930654960026926e-01 3.079055077815073815e-01 4.819190907456023798e-02 8.509639235862037632e-02
9.000000000000000222e-01 6.999999999999999556e-01 6.094155015720184032e-01 6.214131285245799718e-01 1.067110751340933222e-01 2.771718268037021149e-01 3.020686348123262643e-01 4.796993312918165775e-02 8.960165194570957059e-02
9.000000000000000222e-01 7.249999999999999778e-01 5.602564176841480226e-01 5.732837659507818984e-01 1.067110751340944325e-01 2.726461124437534744e-01 2.975375634776044054e-01 4.774150341248077634e-02 9.490379860974618165e-02
9.000000000000000222e-01 7.500000000000000000e-01 5.112604556938418199e-01 5.255038309115445117e-01 1.067110751340933777e-01 2.682138760518780751e-01 2.947378776072829276e-01 4.750677796752035553e-02 1.012232677375404788e-01
9.000000000000000222e-01 7.750000000000000222e-01 4.624794628481081471e-01 4.781780801152546445e-01 1.067110751340924757e-01 2.638730984909061217e-01 2.941227737120974406e-01 4.726591785847017446e-02 1.088701771330869983e-01
9.000000000000000222e-01 8.000000000000000444e-01 4.139894365274004451e-01 4.314559957895019449e-01 1.067110751340909075e-01 2.596217894244586821e-01 2.941487236094843527e-01 4.701908694746094464e-02 1.182940015732143468e-01
9.000000000000000222e-01 8.249999999999999556e-01 3.659060720407284473e-01 3.855570986283489709e-01 1.067110751340934194e-01 2.554579886515885301e-01 2.944165717376357461e-01 4.676645166982630608e-02 1.301691619925045562e-01
9.000000000000000222e-01 8.500000000000000888e-01 3.184136516487235946e-01 3.408141374748274721e-01 1.067110751341063951e-01 2.513797672253924032e-01 2.941488986876544809e-01 4.650818080821915446e-02 1.455491374108626168e-01
9.000000000000000222e-01 8.750000000000000000e-01 2.718220990947475268e-01 2.977486797665273577e-01 1.067110751366895094e-01 2.473852283765098359e-01 2.948333219118710047e-01 4.624444526608238737e-02 1.661568789338020991e-01
9.000000000000000222e-01 9.000000000000000222e-01 2.266875681555447219e-01 2.572047361591737746e-01 1.067110756114371117e-01 2.434725082606551405e-01 2.954106135625257923e-01 4.597541784095034167e-02 1.949533522630822469e-01
9.000000000000000222e-01 9.250000000000000444e-01 1.840849085511213346e-01 2.205771436543490782e-01 1.067111412267015419e-01 2.396397765475947184e-01 2.949229934400780517e-01 4.570127299805924748e-02 2.372504077862032101e-01
9.000000000000000222e-01 9.499999999999999556e-01 1.462438154462429030e-01 1.901427787288031690e-01 1.067173240923494082e-01 2.358852368674891342e-01 2.946953408546384434e-01 4.542218664473064021e-02 3.025438942132718245e-01
9.000000000000000222e-01 9.750000000000000888e-01 1.178441918648294867e-01 1.692757404435470403e-01 1.070154242753779822e-01 2.322071271290804817e-01 2.946546265620089700e-01 4.513833590598206880e-02 4.045098090291960879e-01
9.000000000000000222e-01 1.000000000000000000e+00 1.067110751340962782e-01 1.617228379132366611e-01 1.111953147891154570e-01 1.117032758792162563e-09 2.947854208709458357e-01 4.484989890183056771e-02 5.444868437900269864e-01
9.000000000000000222e-01 1.024999999999999911e+00 1.178441918648293896e-01 1.692757404435430435e-01 1.272076239795161823e-01 2.250733216220521804e-01 2.951344540872865574e-01 4.455705452670736394e-02 6.549094939085606804e-01
9.000000000000000222e-01 1.050000000000000044e+00 1.462438154462429030e-01 1.901427787288054172e-01 1.558835273263616261e-01 2.216142743899821577e-01 2.957970241415662782e-01 4.425998223143119692e-02 6.913735540831198456e-01
9.000000000000000222e-01 1.075000000000000178e+00 1.840849085511213346e-01 2.205771436543489672e-01 1.927927701442267994e-01 2.182249541078814248e-01 2.955693575548834495e-01 4.395886180814377597e-02 7.243584259236997003e-01
9.000000000000000222e-01 1.100000000000000089e+00 2.266875681555448330e-01 2.572047361591723313e-01 2.343722838053039770e-01 2.149037712281925971e-01 2.944462619379107915e-01 4.365387317860845717e-02 7.531971072570832204e-01
9.000000000000000222e-01 1.125000000000000000e+00 2.718220990947475268e-01 2.977486797665296336e-01 2.786331751325065165e-01 2.116491703640852318e-01 2.941342594573296831e-01 4.334519618626569981e-02 7.697510931178528359e-01
9.000000000000000222e-01 1.149999999999999911e+00 3.184136516487233726e-01 3.408141374748272501e-01 3.245163199871491377e-01 2.084596300219333787e-01 2.948452293180212624e-01 4.303301039240048365e-02 7.854377126513423235e-01
9.000000000000000222e-01 1.175000000000000044e+00 3.659060720407284473e-01 3.855570986283479162e-01 3.714370506753419399e-01 2.053336622837068082e-01 2.944223984530371374e-01 4.271749487678306451e-02 8.001681815576210388e-01
9.000000000000000222e-01 1.200000000000000178e+00 4.139894365274004451e-01 4.314559957895012232e-01 4.190549032128765838e-01 2.022698124455225011e-01 2.943293645405899994e-01 4.239882804311615599e-02 8.128733312494326180e-01
9.000000000000000222e-01 1.225000000000000089e+00 4.624794628481082026e-01 4.781780801152558658e-01 4.671610098366487107e-01 1.992666586180101285e-01 2.941337900844200326e-01 4.207718742958824198e-02 8.248230442384295591e-01
9.000000000000000222e-01 1.250000000000000000e+00 5.112604556938418199e-01 5.255038309115399597e-01 5.156211765142408865e-01 1.963228112936066805e-01 2.947378776072827611e-01 4.120264968400548511e-02 8.346848030945668295e-01
9.000000000000000222e-01 1.274999999999999911e+00 5.602564176841479116e-01 5.732837659507818984e-01 5.643456856240827157e-01 1.934369128854636077e-01 2.975375634776041833e-01 3.623665020986316376e-02 8.433955010724396573e-01
9.000000000000000222e-01 1.300000000000000044e+00 6.094155015720184032e-01 6.214131285245823033e-01 6.132724757996663723e-01 1.906076372421487974e-01 3.020686348123263198e-01 3.214355584166397883e-02 8.516667335764733782e-01
9.000000000000000222e-01 1.325000000000000178e+00 6.587011868489950350e-01 6.698165990050610752e-01 6.623573424775992535e-01 1.878336891419693511e-01 3.079055077815071040e-01 2.872348838434130719e-02 8.595040686922558182e-01
9.000000000000000222e-01 1.350000000000000089e+00 7.080870381219210863e-01 7.184387770037969911e-01 7.115679949897329992e-01 1.851138037703656813e-01 3.147378181179460443e-01 2.583197025110298140e-02 8.660686241844132160e-01
9.000000000000000222e-01 1.375000000000000000e+00 7.575534658070508520e-01 7.672380831936771450e-01 7.608803223231317414e-01 1.824467461834742288e-01 3.223339854925926229e-01 2.336220697151481646e-02 8.723078573510413269e-01
9.000000000000000222e-01 1.399999999999999911e+00 8.070856544111499886e-01 8.161827468788538376e-01 8.102759720712662261e-01 1.798313107606703265e-01 3.305177245161123323e-01 2.123370070841989338e-02 8.781554895510608194e-01
9.000000000000000222e-01 1.425000000000000044e+00 8.566721972588314804e-01 8.652481010107457848e-01 8.597407366987198651e-01 1.772663206486104759e-01 3.391524711536355596e-01 1.938472299908362839e-02 8.835321848624251295e-01
9.000000000000000222e-01 1.450000000000000178e+00 9.063041727567371364e-01 9.144147178948414112e-01 9.092634511404090736e-01 1.747506271990547366e-01 3.481307958628015453e-01 1.776721244152790896e-02 8.886642822099025674e-01
9.000000000000000222e-01 1.475000000000000089e+00 9.559745046580865324e-01 9.636670982775693561e-01 9.588352230162061618e-01 1.722831094024894205e-01 3.573670438219909706e-01 1.634323800332972490e-02 8.934521213120153460e-01
9.000000000000000222e-01 1.500000000000000000e+00 1.005677509719827833e+00 1.012992732601135870e+00 1.008448884439734350e+00 1.698626733193856486e-01 3.667921144063276961e-01 1.508249804068152386e-02 8.975956503460182923e-01
