8.249999999999999556e-01 5.000000000000000000e-01 1.017294070685405671e+00 1.025817750936072636e+00 1.867812256402754389e-01 2.991879662716939725e-01 4.165743409109008422e-01 4.955249468828375886e-02 1.152636961479865940e-01
8.249999999999999556e-01 5.250000000000000222e-01 9.681875986871988360e-01 9.771397331679601006e-01 1.867812256402781035e-01 2.941525532586227731e-01 4.095296947346079852e-01 4.937982090363854382e-02 1.183189705055539553e-01
8.249999999999999556e-01 5.500000000000000444e-01 9.191774726632964132e-01 9.286022066178493128e-01 1.867812256402761051e-01 2.892195445277346844e-01 4.029263042267501871e-01 4.919968982080172304e-02 1.217386669521070552e-01
8.249999999999999556e-01 5.749999999999999556e-01 8.702799700393462068e-01 8.802284124791390774e-01 1.867812256402766602e-01 2.843870892606105150e-01 3.968737920191376944e-01 4.901223232328677515e-02 1.255789931819684679e-01
8.249999999999999556e-01 5.999999999999999778e-01 8.215152014732808317e-01 8.320469086148605253e-01 1.867812256402774929e-01 2.796533235100555626e-01 3.915067532476773637e-01 4.881758379232338518e-02 1.299090435417913914e-01
8.249999999999999556e-01 6.250000000000000000e-01 7.729082909709821259e-01 7.840931437881231147e-01 1.867812256402756610e-01 2.750163760968962756e-01 3.869920984780072515e-01 4.861588390837335433e-02 1.348145857030234596e-01
8.249999999999999556e-01 6.500000000000000222e-01 7.244910118501712848e-01 7.364116091803200037e-01 1.867812256402746063e-01 2.704743738461937719e-01 3.835391186565283994e-01 4.840727644771303240e-02 1.404032362287539470e-01
8.249999999999999556e-01 6.750000000000000444e-01 6.763040930318879873e-01 6.890588205193679538e-01 1.867812256402758830e-01 2.660254462274553866e-01 3.814134823209839320e-01 4.819190907456023798e-02 1.468116344730123757e-01
8.249999999999999556e-01 6.999999999999999556e-01 6.284005301172852498e-01 6.421075129100566325e-01 1.867812256402754945e-01 2.616677294569894618e-01 3.808972462544080728e-01 4.796993312918139407e-02 1.542155329665852448e-01
8.249999999999999556e-01 7.249999999999999778e-01 5.808504336330349016e-01 5.956526321066224483e-01 1.867812256402743287e-01 2.573993701148890589e-01 3.811008639096823414e-01 4.774150341248051266e-02 1.628442026806863896e-01
8.249999999999999556e-01 7.500000000000000000e-01 5.337482798582914301e-01 5.498200234036099143e-01 1.867812256402742732e-01 2.532185283240010465e-01 3.809932154902215262e-01 4.750677796752018900e-02 1.730012971538943400e-01
8.249999999999999556e-01 7.750000000000000222e-01 4.872240000776696389e-01 5.047792172183256376e-01 1.867812256402764381e-01 2.491233805336876550e-01 3.810123658871333863e-01 4.726591785846978588e-02 1.850954552748945714e-01
8.249999999999999556e-01 8.000000000000000444e-01 4.414603337239768055e-01 4.607624747476130045e-01 1.867812256402770210e-01 2.451121219470909496e-01 3.809481462960909171e-01 4.701908694746111117e-02 1.996855545146337119e-01
8.249999999999999556e-01 8.249999999999999556e-01 3.967205896492959072e-01 4.180933605494654981e-01 1.867812256402774096e-01 2.411829686269155726e-01 3.815112778306791186e-01 4.676645166982633384e-02 2.175474950886535641e-01
8.249999999999999556e-01 8.500000000000000888e-01 3.533938684409863029e-01 3.772294502495073809e-01 1.867812256402814342e-01 2.373341593114285664e-01 3.814200845404653317e-01 4.650818080821909201e-02 2.397703330227323737e-01
8.249999999999999556e-01 8.750000000000000000e-01 3.120692651506794535e-01 3.388245241058382984e-01 1.867812256417600014e-01 2.335639569694033524e-01 3.811088925890606660e-01 4.624444526608235961e-02 2.678836932072525823e-01
8.249999999999999556e-01 9.000000000000000222e-01 2.736553055427302095e-01 3.038125378182212621e-01 1.867812259129849606e-01 2.298706501200036278e-01 3.809657216565020543e-01 4.597541784095075107e-02 3.039857319367390009e-01
8.249999999999999556e-01 9.250000000000000444e-01 2.395563112332568800e-01 2.734996492420886938e-01 1.867812634000362015e-01 2.262525539411958664e-01 3.809147974474281217e-01 4.570127299805940707e-02 3.507250814181352983e-01
8.249999999999999556e-01 9.499999999999999556e-01 2.118660573373779554e-01 2.496038023258981275e-01 1.867847958395995045e-01 2.227080111880544999e-01 3.809037313716604478e-01 4.542218664473042511e-02 4.106924437759751356e-01
8.249999999999999556e-01 9.750000000000000888e-01 1.933577674976754424e-01 2.340983941327826889e-01 1.869552719990819067e-01 1.495297625103661765e-01 3.809128335755098127e-01 4.513833590598236717e-02 4.844281380693453154e-01
8.249999999999999556e-01 1.000000000000000000e+00 1.867812256402797411e-01 2.286964322755076218e-01 1.893789078183207852e-01 6.135981265268263659e-10 3.809587698817197832e-01 4.484989890183045669e-02 5.672455821107810214e-01
8.249999999999999556e-01 1.024999999999999911e+00 1.933577674976752481e-01 2.340983941327826612e-01 1.992027918828566668e-01 1.495297625103658434e-01 3.810914610416202275e-01 4.455705452670699618e-02 6.489188717492063718e-01
8.249999999999999556e-01 1.050000000000000044e+00 2.118660573373779554e-01 2.496038023258986827e-01 2.186313033102037506e-01 2.092332324336168836e-01 3.813851606297714025e-01 4.425998223143136345e-02 6.918243751001502684e-01
8.249999999999999556e-01 1.075000000000000178e+00 2.395563112332568800e-01 2.734996492420880831e-01 2.463108298782117345e-01 2.060326075205372032e-01 3.819262577055683727e-01 4.395886180814374822e-02 7.233609844896431440e-01
8.249999999999999556e-01 1.100000000000000089e+00 2.736553055427304315e-01 3.038125378182209291e-01 2.800541735299154067e-01 2.028962036765826205e-01 3.819710094201993478e-01 4.365387317860877636e-02 7.509966784323007793e-01
8.249999999999999556e-01 1.125000000000000000e+00 3.120692651506794535e-01 3.388245241058360779e-01 3.180195260983702532e-01 1.998225700867350407e-01 3.811514473160361183e-01 4.334519618626583859e-02 7.699088801922009395e-01
8.249999999999999556e-01 1.149999999999999911e+00 3.533938684409860254e-01 3.772294502495098789e-01 3.589022354812108073e-01 1.968102860002901022e-01 3.808959026000079962e-01 4.303301039240044201e-02 7.854813885700745457e-01
8.249999999999999556e-01 1.175000000000000044e+00 3.967205896492959072e-01 4.180933605494645544e-01 4.018276437849995775e-01 1.938579606247994858e-01 3.813199261765753412e-01 4.271749487678329349e-02 8.001522777794660701e-01
8.249999999999999556e-01 1.200000000000000178e+00 4.414603337239768055e-01 4.607624747476161131e-01 4.462140569302620596e-01 1.909642329595214738e-01 3.815057419117258708e-01 4.239882804311617681e-02 8.128107380294079531e-01
8.249999999999999556e-01 1.225000000000000089e+00 4.872240000776697499e-01 5.047792172183265258e-01 4.916699927868405373e-01 1.881277715756296265e-01 3.808924833866811910e-01 4.207718742958795749e-02 8.244502905670443305e-01
8.249999999999999556e-01 1.250000000000000000e+00 5.337482798582914301e-01 5.498200234036108025e-01 5.379267332688901782e-01 1.853472743497016906e-01 3.815138909752345264e-01 4.175274952484615831e-02 8.347054684799130042e-01
8.249999999999999556e-01 1.274999999999999911e+00 5.808504336330350126e-01 5.956526321066204499e-01 5.847957126877123546e-01 1.826214681564642950e-01 3.809072309963646430e-01 4.142568958964264192e-02 8.434013594656393220e-01
8.249999999999999556e-01 1.300000000000000044e+00 6.284005301172852498e-01 6.421075129100650702e-01 6.321416789524799684e-01 1.799491085260978562e-01 3.808993230760225890e-01 4.109618148441901431e-02 8.516596196582379985e-01
8.249999999999999556e-01 1.325000000000000178e+00 6.763040930318879873e-01 6.890588205193697302e-01 6.798655910026603078e-01 1.773289792709867030e-01 3.814134823209839320e-01 4.076439750305065057e-02 8.594856994131041539e-01
8.249999999999999556e-01 1.350000000000000089e+00 7.244910118501713958e-01 7.364116091803182274e-01 7.278935253106183501e-01 1.747598920862423189e-01 3.835391186565277888e-01 4.043050821296227670e-02 8.661743389041040020e-01
8.249999999999999556e-01 1.375000000000000000e+00 7.729082909709821259e-01 7.840931437881248911e-01 7.761693356439454128e-01 1.722406861279787149e-01 3.869920984780072515e-01 4.008138625381837961e-02 8.723145071153705077e-01
8.249999999999999556e-01 1.399999999999999911e+00 8.215152014732803876e-01 8.320469086148611915e-01 8.246496975149208986e-01 1.697702275728609211e-01 3.915067532476777523e-01 3.650488071773887178e-02 8.781566914369478560e-01
8.249999999999999556e-01 1.425000000000000044e+00 8.702799700393462068e-01 8.802284124791386333e-01 8.733006968018894867e-01 1.673474091621319770e-01 3.968737920191375279e-01 3.338430996474330698e-02 8.835313281745086345e-01
8.249999999999999556e-01 1.450000000000000178e+00 9.191774726632964132e-01 9.286022066178536427e-01 9.220954377260390800e-01 1.649711497330086929e-01 4.029263042267503536e-01 3.064421535478678571e-02 8.886616005985260580e-01
8.249999999999999556e-01 1.475000000000000089e+00 9.681875986871993911e-01 9.771397331679538834e-01 9.710123364777383248e-01 1.626403937399982791e-01 4.095296947346082628e-01 2.822433011188643648e-02 8.934527204276995205e-01
8.249999999999999556e-01 1.500000000000000000e+00 1.017294070685405671e+00 1.025817750936073747e+00 1.020033884350491027e+00 1.603541107684874345e-01 4.165743409109007311e-01 2.607602281880570111e-02 8.975959730297234929e-01
