5.999999999999999778e-01 5.000000000000000000e-01 1.087721647561989524e+00 1.094540857225384300e+00 4.279467052974803565e-01 2.448565829459257159e-01 5.577020956056494283e-01 4.955249468828390458e-02 2.541369282559632348e-01
5.999999999999999778e-01 5.250000000000000222e-01 1.041939721181110556e+00 1.049056570512609809e+00 4.279467052974772479e-01 2.407766996054652164e-01 5.561965003285218589e-01 4.937982090363896015e-02 2.600014839003013112e-01
5.999999999999999778e-01 5.500000000000000444e-01 9.965632857851873805e-01 1.004001836719266016e+00 4.279467052974796903e-01 2.367757925560473597e-01 5.555686394482748369e-01 4.919968982080193814e-02 2.664763387984140364e-01
5.999999999999999778e-01 5.749999999999999556e-01 9.516503468054694492e-01 9.594371725838443110e-01 4.279467052974805785e-01 2.328528415572117816e-01 5.555615048008260004e-01 4.901223232328705270e-02 2.736335833021364961e-01
5.999999999999999778e-01 5.999999999999999778e-01 9.072697408020231613e-01 9.154341528125761185e-01 4.279467052974776919e-01 2.290067657584925753e-01 5.555622794335580705e-01 4.881758379232384315e-02 2.815568532121526801e-01
5.999999999999999778e-01 6.250000000000000000e-01 8.635035509915234275e-01 8.720777993594829303e-01 4.279467052974805785e-01 2.252364336274481071e-01 5.555647701388815030e-01 4.861588390837302820e-02 2.903431910307223696e-01
5.999999999999999778e-01 6.500000000000000222e-01 8.204501097415795030e-01 8.294695221258445716e-01 4.279467052974785246e-01 2.215406718025691446e-01 5.557583989454701889e-01 4.840727644771421201e-02 3.001050833099586090e-01
5.999999999999999778e-01 6.750000000000000444e-01 7.782277189711053200e-01 7.877307205737773543e-01 4.279467052974791907e-01 2.179182729814002351e-01 5.555600173562845745e-01 4.819190907456034900e-02 3.109725696585688426e-01
5.999999999999999778e-01 6.999999999999999556e-01 7.369792280485047975e-01 7.470071540056858472e-01 4.279467052974795793e-01 2.143680029426369427e-01 5.556968045111312371e-01 4.796993312918127611e-02 3.230952039526663877e-01
5.999999999999999778e-01 7.249999999999999778e-01 6.968775951162228255e-01 7.074741607547765376e-01 4.279467052974807451e-01 2.108886067906434181e-01 5.557563904553696199e-01 4.774150341248070001e-02 3.366434544383830607e-01
5.999999999999999778e-01 7.500000000000000000e-01 6.581324962155952196e-01 6.693427284550728107e-01 4.279467052974783581e-01 2.074788145016656649e-01 5.555934776591924251e-01 4.750677796752024451e-02 3.518088170683095761e-01
5.999999999999999778e-01 7.750000000000000222e-01 6.209978925688638407e-01 6.328662482197017214e-01 4.279467052974793573e-01 2.041373458428397680e-01 5.555608385461507925e-01 4.726591785847013283e-02 3.688014411206947396e-01
5.999999999999999778e-01 8.000000000000000444e-01 5.857801486692514326e-01 5.983474643847657148e-01 4.279467052974802455e-01 2.008629147278362392e-01 5.556150713281566844e-01 4.701908694746111117e-02 3.878434022078905419e-01
5.999999999999999778e-01 8.249999999999999556e-01 5.528457131740920349e-01 5.661445823600863569e-01 4.279467052974803010e-01 1.976542330664282920e-01 5.557139306654585997e-01 4.676645166982587587e-02 4.091549614820071401e-01
5.999999999999999778e-01 8.500000000000000888e-01 5.226264273598972832e-01 5.366746576238514699e-01 4.279467052974819108e-01 1.945100141594893195e-01 5.558194350784829707e-01 4.650818080821936262e-02 4.329304924403460375e-01
5.999999999999999778e-01 8.750000000000000000e-01 4.956191910882491447e-01 5.104112931114275220e-01 4.279467052981270614e-01 1.914289756856980551e-01 5.559009396932309555e-01 4.624444526608229022e-02 4.593009355255333603e-01
5.999999999999999778e-01 9.000000000000000222e-01 4.723752560993964567e-01 4.878726146605047442e-01 4.279467054165072559e-01 1.884098423215934126e-01 5.559377943693227797e-01 4.597541784095003636e-02 4.882819536758659096e-01
5.999999999999999778e-01 9.250000000000000444e-01 4.534736845451676768e-01 4.695952386211759144e-01 4.279467217780711374e-01 1.679727483304640501e-01 5.559212205750715396e-01 4.570127299805940013e-02 5.197130195667202246e-01
5.999999999999999778e-01 9.499999999999999556e-01 4.394751216792258663e-01 4.560917540755121125e-01 4.279482635554509029e-01 1.150817055762362040e-01 5.558551295314505536e-01 4.542218664473100798e-02 5.532028617613761190e-01
5.999999999999999778e-01 9.750000000000000888e-01 4.308577289256518283e-01 4.477942475464350425e-01 4.280226980564634243e-01 5.853158710047681734e-02 5.557557562175459154e-01 4.513833590598218676e-02 5.881072171993366737e-01
5.999999999999999778e-01 1.000000000000000000e+00 4.279467052974825769e-01 4.449940315730952500e-01 4.290868525715321180e-01 2.354920587765541781e-10 5.556501656619599050e-01 4.484989890183070649e-02 6.235659137497416848e-01
5.999999999999999778e-01 1.024999999999999911e+00 4.308577289256517728e-01 4.477942475464343763e-01 4.335122935018224100e-01 5.853158710047605406e-02 5.555738562899776856e-01 4.455705452670747496e-02 6.586079173788781382e-01
5.999999999999999778e-01 1.050000000000000044e+00 4.394751216792258663e-01 4.560917540755109467e-01 4.427762449707524639e-01 1.150817055762361762e-01 5.555678013204750076e-01 4.425998223143109978e-02 6.922988534233477376e-01
5.999999999999999778e-01 1.075000000000000178e+00 4.534736845451676768e-01 4.695952386211735829e-01 4.570778721821668888e-01 1.679727483304640501e-01 5.556753118867421293e-01 4.395886180814369271e-02 7.238790934160306278e-01
5.999999999999999778e-01 1.100000000000000089e+00 4.723752560993965122e-01 4.878726146605083525e-01 4.761108026865247256e-01 1.663361937328405038e-01 5.559390754471751350e-01 4.365387317860863758e-02 7.482327357654965372e-01
5.999999999999999778e-01 1.125000000000000000e+00 4.956191910882491447e-01 5.104112931114270779e-01 4.993871997790102490e-01 1.638188971611654332e-01 5.563583788667373353e-01 4.334519618626583859e-02 7.683284989012819644e-01
5.999999999999999778e-01 1.149999999999999911e+00 5.226264273598976162e-01 5.366746576238519140e-01 5.263667646771561515e-01 1.613515165253613659e-01 5.558295308484538788e-01 4.303301039240040038e-02 7.862202035333172301e-01
5.999999999999999778e-01 1.175000000000000044e+00 5.528457131740920349e-01 5.661445823600890215e-01 5.565218878293013427e-01 1.589329525505936980e-01 5.555745007160056703e-01 4.271749487678346002e-02 8.000304465463305981e-01
5.999999999999999778e-01 1.200000000000000178e+00 5.857801486692514326e-01 5.983474643847644936e-01 5.893709705486440686e-01 1.565621263431959398e-01 5.556420412099900563e-01 4.239882804311617681e-02 8.130459049241847147e-01
5.999999999999999778e-01 1.225000000000000089e+00 6.209978925688641738e-01 6.328662482196996120e-01 6.244922242352533015e-01 1.542379796030042827e-01 5.560674309957437389e-01 4.207718742958832525e-02 8.244609324119502869e-01
5.999999999999999778e-01 1.250000000000000000e+00 6.581324962155952196e-01 6.693427284550722556e-01 6.615257566328174299e-01 1.519594747589436134e-01 5.557996956873986205e-01 4.175274952484626934e-02 8.342599631248405201e-01
5.999999999999999778e-01 1.274999999999999911e+00 6.968775951162228255e-01 7.074741607547758715e-01 7.001693951474962097e-01 1.497255950365621868e-01 5.555600257870390024e-01 4.142568958964237130e-02 8.435188315531715331e-01
5.999999999999999778e-01 1.300000000000000044e+00 7.369792280485047975e-01 7.470071540056901771e-01 7.401717764087897278e-01 1.475353444653718094e-01 5.558652046152503523e-01 4.109618148441911145e-02 8.516095355080899321e-01
5.999999999999999778e-01 1.325000000000000178e+00 7.782277189711053200e-01 7.877307205737732465e-01 7.813247584408693491e-01 1.453877478330461992e-01 5.556827877285747119e-01 4.076439750305090731e-02 8.592897081889222521e-01
5.999999999999999778e-01 1.350000000000000089e+00 8.204501097415799471e-01 8.294695221258434614e-01 8.234562165120888899e-01 1.432818505928576958e-01 5.556217390627894437e-01 4.043050821296190200e-02 8.665669337180054166e-01
5.999999999999999778e-01 1.375000000000000000e+00 8.635035509915234275e-01 8.720777993594814870e-01 8.664236803765542616e-01 1.412167187300614191e-01 5.556720950149780514e-01 4.009468230179812076e-02 8.726144018912241895e-01
5.999999999999999778e-01 1.399999999999999911e+00 9.072697408020228282e-01 9.154341528125721217e-01 9.101089384984251129e-01 1.391914385924140629e-01 5.556620184417006003e-01 3.975708643081417998e-02 8.781890563320089438e-01
5.999999999999999778e-01 1.425000000000000044e+00 9.516503468054694492e-01 9.594371725838419795e-01 9.544135703970024753e-01 1.372051166894484031e-01 5.555727444117853908e-01 3.941788509512642036e-02 8.835191194519652624e-01
5.999999999999999778e-01 1.450000000000000178e+00 9.965632857851873805e-01 1.004001836719274010e+00 9.992552990094536458e-01 1.352568794646804018e-01 5.555686394482747259e-01 3.907724049093599938e-02 8.885453566931199587e-01
5.999999999999999778e-01 1.475000000000000089e+00 1.041939721181110334e+00 1.049056570512607145e+00 1.044565035751843007e+00 1.333458730445119256e-01 5.561965003285219700e-01 3.873531238983306257e-02 8.933383551131898193e-01
5.999999999999999778e-01 1.500000000000000000e+00 1.087721647561989524e+00 1.094540857225384078e+00 1.090284495692033895e+00 1.314712629671881405e-01 5.577020956056493173e-01 3.839225802024220230e-02 8.976163143172908310e-01
