6.500000000000000222e-01 5.000000000000000000e-01 1.067761591814334166e+00 1.076112016454409126e+00 3.743191378407983994e-01 2.570394600364754867e-01 5.276721352033584278e-01 4.955249468828353682e-02 2.246843520126331484e-01
6.500000000000000222e-01 5.250000000000000222e-01 1.021085117389280317e+00 1.029814095823892162e+00 3.743191378407990655e-01 2.527457121778272642e-01 5.251754074775454306e-01 4.937982090363860627e-02 2.300727836013188865e-01
6.500000000000000222e-01 5.500000000000000444e-01 9.747383325559122458e-01 9.838785859838458103e-01 3.743191378408003978e-01 2.485360415961291314e-01 5.235038003437010312e-01 4.919968982080218101e-02 2.360431412086336778e-01
6.500000000000000222e-01 5.749999999999999556e-01 9.287705943632587058e-01 9.383587117715574966e-01 3.743191378407988434e-01 2.444092613873797559e-01 5.228081493760443621e-01 4.901223232328660862e-02 2.426695707273094915e-01
6.500000000000000222e-01 5.999999999999999778e-01 8.832410865408611977e-01 8.933180127802058390e-01 3.743191378407990655e-01 2.403641325865981393e-01 5.228131243656538585e-01 4.881758379232343376e-02 2.500394270217222714e-01
6.500000000000000222e-01 6.250000000000000000e-01 8.382212219658247143e-01 8.488327703131953728e-01 3.743191378407995096e-01 2.363993734092004750e-01 5.228036497957714301e-01 4.861588390837286167e-02 2.582558894381706827e-01
6.500000000000000222e-01 6.500000000000000222e-01 7.937977179066975086e-01 8.049950757349846331e-01 3.743191378407986214e-01 2.325136674871808029e-01 5.228843771023200526e-01 4.840727644771339322e-02 2.674410637405902347e-01
6.500000000000000222e-01 6.750000000000000444e-01 7.500765407302648624e-01 7.619167093308634175e-01 3.743191378407968450e-01 2.287056712027461802e-01 5.228506711163135590e-01 4.819190907456054329e-02 2.777395820825595552e-01
6.500000000000000222e-01 6.999999999999999556e-01 7.071879643728964382e-01 7.197340286227802419e-01 3.743191378407998426e-01 2.249740202113642007e-01 5.229344842469119126e-01 4.796993312918143570e-02 2.893226260421540852e-01
6.500000000000000222e-01 7.249999999999999778e-01 6.652930308923135083e-01 6.786140817560268879e-01 3.743191378408007863e-01 2.213173352365711555e-01 5.227985875166789587e-01 4.774150341248066531e-02 3.023921193514905736e-01
6.500000000000000222e-01 7.500000000000000000e-01 6.245917202091947340e-01 6.387621403602253833e-01 3.743191378407986214e-01 2.177342272104307863e-01 5.229395561493486166e-01 4.750677796752028614e-02 3.171844951332784546e-01
6.500000000000000222e-01 7.750000000000000222e-01 5.853330820600191053e-01 6.004307386848009020e-01 3.743191378407961789e-01 2.142233018259649957e-01 5.232867074198707114e-01 4.726591785847035487e-02 3.339728245804317042e-01
6.500000000000000222e-01 8.000000000000000444e-01 5.478273605378622957e-01 5.639300239901889888e-01 3.743191378407937364e-01 2.107831635611119858e-01 5.230523276362859519e-01 4.701908694746109729e-02 3.530650450232410420e-01
6.500000000000000222e-01 8.249999999999999556e-01 5.124595759217316360e-01 5.296386239291630549e-01 3.743191378407995651e-01 2.074124192277269352e-01 5.229183932029491944e-01 4.676645166982650037e-02 3.747943924100137769e-01
6.500000000000000222e-01 8.500000000000000888e-01 4.797028423450094836e-01 4.980131242824611393e-01 3.743191378407965675e-01 2.041096810937791384e-01 5.228508899096226958e-01 4.650818080821940426e-02 3.994959535417064722e-01
6.500000000000000222e-01 8.750000000000000000e-01 4.501275563147417169e-01 4.695924530458028823e-01 3.743191378415400283e-01 2.008735696220378120e-01 5.228221949634992427e-01 4.624444526608216532e-02 4.274611816999508984e-01
6.500000000000000222e-01 9.000000000000000222e-01 4.243993602185104352e-01 4.449910919980060720e-01 3.743191379768779914e-01 1.977027158642322424e-01 5.228136147055303384e-01 4.597541784095052209e-02 4.588624676218328591e-01
6.500000000000000222e-01 9.250000000000000444e-01 4.032552751717961015e-01 4.248730068591978770e-01 3.743191566825161409e-01 1.945957635457739032e-01 5.228171841974318390e-01 4.570127299805919197e-02 4.936469951404050538e-01
6.500000000000000222e-01 9.499999999999999556e-01 3.874465343165183762e-01 4.098988557651458420e-01 3.743209193446643823e-01 1.349279688992640336e-01 5.228364534649145856e-01 4.542218664473049450e-02 5.314186423409250626e-01
6.500000000000000222e-01 9.750000000000000888e-01 3.776437699127060954e-01 4.006458185949000050e-01 3.744060154837857701e-01 6.891970536700052496e-02 5.228861356454795883e-01 4.513833590598240186e-02 5.713572281576227985e-01
6.500000000000000222e-01 1.000000000000000000e+00 3.743191378408016745e-01 3.975136122921765214e-01 3.756220992282716109e-01 2.777045748761685218e-10 5.229906731964228950e-01 4.484989890183074812e-02 6.122446673175706566e-01
6.500000000000000222e-01 1.024999999999999911e+00 3.776437699127063174e-01 4.006458185949007267e-01 3.806695982031154113e-01 6.891970536700031680e-02 5.231819454216806164e-01 4.455705452670689903e-02 6.526395315573402245e-01
6.500000000000000222e-01 1.050000000000000044e+00 3.874465343165183762e-01 4.098988557651436215e-01 3.911869597638871765e-01 1.349279688992641446e-01 5.234964544643315731e-01 4.425998223143097487e-02 6.911559074567288352e-01
6.500000000000000222e-01 1.075000000000000178e+00 4.032552751717961015e-01 4.248730068591987097e-01 4.073040824954857753e-01 1.772220313228766164e-01 5.234747123072797104e-01 4.395886180814369271e-02 7.234747023483780737e-01
6.500000000000000222e-01 1.100000000000000089e+00 4.243993602185106018e-01 4.449910919980048507e-01 4.285532998516299319e-01 1.745257997031095243e-01 5.230540614240349884e-01 4.365387317860879024e-02 7.481971363585245838e-01
6.500000000000000222e-01 1.125000000000000000e+00 4.501275563147417169e-01 4.695924530458037705e-01 4.542730563020785928e-01 1.718832460192372680e-01 5.228228431250561137e-01 4.334519618626594961e-02 7.688505543286388022e-01
6.500000000000000222e-01 1.149999999999999911e+00 4.797028423450092616e-01 4.980131242824605842e-01 4.837751598993120794e-01 1.692931842573389689e-01 5.228464736615801023e-01 4.303301039240005343e-02 7.859348967421481147e-01
6.500000000000000222e-01 1.175000000000000044e+00 5.124595759217316360e-01 5.296386239291626108e-01 5.164233205539836558e-01 1.667544505356775841e-01 5.231786981667861935e-01 4.271749487678327267e-02 8.000003876952832549e-01
6.500000000000000222e-01 1.200000000000000178e+00 5.478273605378622957e-01 5.639300239901876566e-01 5.516652746950417852e-01 1.642659033175253858e-01 5.234180143377724637e-01 4.239882804311639192e-02 8.132339470816056792e-01
6.500000000000000222e-01 1.225000000000000089e+00 5.853330820600192164e-01 6.004307386848013461e-01 5.890390246063577084e-01 1.618264235431712272e-01 5.228726773373938430e-01 4.207718742958840158e-02 8.242239827837761768e-01
6.500000000000000222e-01 1.250000000000000000e+00 6.245917202091947340e-01 6.387621403602239400e-01 6.281661890515408686e-01 1.594349146902246939e-01 5.228603665212960827e-01 4.175274952484606117e-02 8.343108197510263890e-01
6.500000000000000222e-01 1.274999999999999911e+00 6.652930308923130642e-01 6.786140817560283311e-01 6.687403205132160799e-01 1.570903027704899091e-01 5.233963215897241561e-01 4.142568958964244763e-02 8.434730938849152038e-01
6.500000000000000222e-01 1.300000000000000044e+00 7.071879643728964382e-01 7.197340286227803530e-01 7.105143861816289874e-01 1.547915362708313924e-01 5.228509284196767304e-01 4.109618148441954860e-02 8.516171411627916354e-01
6.500000000000000222e-01 1.325000000000000178e+00 7.500765407302648624e-01 7.619167093308631955e-01 7.532893285661144134e-01 1.525375860447307774e-01 5.229492310406106403e-01 4.076439750305068527e-02 8.593438694126127597e-01
6.500000000000000222e-01 1.350000000000000089e+00 7.937977179066976197e-01 8.049950757349889630e-01 7.969043699788083135e-01 1.503274451605869921e-01 5.228771270164112028e-01 4.043050821296169384e-02 8.666613496924967519e-01
6.500000000000000222e-01 1.375000000000000000e+00 8.382212219658247143e-01 8.488327703131925972e-01 8.412291175988590997e-01 1.481601287121814825e-01 5.229615984952423746e-01 4.009468230179767667e-02 8.725856937025792126e-01
6.500000000000000222e-01 1.399999999999999911e+00 8.832410865408609757e-01 8.933180127802031745e-01 8.861572740285101890e-01 1.460346735962202436e-01 5.228211221917088425e-01 3.975708643081433263e-02 8.781769509627209702e-01
6.500000000000000222e-01 1.425000000000000044e+00 9.287705943632587058e-01 9.383587117715548320e-01 9.316016840564753654e-01 1.439501382613450897e-01 5.228081493760442511e-01 3.941788509512635097e-02 8.835197305328440498e-01
6.500000000000000222e-01 1.450000000000000178e+00 9.747383325559122458e-01 9.838785859838465875e-01 9.774904536502473373e-01 1.419056024325868193e-01 5.235038003437009202e-01 3.907724049093619367e-02 8.886140279518996987e-01
6.500000000000000222e-01 1.475000000000000089e+00 1.021085117389280983e+00 1.029814095823885500e+00 1.023763912381248975e+00 1.399001668148247279e-01 5.251754074775453196e-01 3.873531238983281277e-02 8.934747308567205781e-01
6.500000000000000222e-01 1.500000000000000000e+00 1.067761591814334166e+00 1.076112016454409570e+00 1.070372232415132352e+00 1.379329527784331488e-01 5.276721352033585388e-01 3.839225802024261169e-02 8.976090618293227630e-01
