5.749999999999999556e-01 5.000000000000000000e-01 1.098549007556426815e+00 1.104250339163380445e+00 4.547635891352848070e-01 2.387436731455645500e-01 5.723986245259495842e-01 4.955249468828368253e-02 2.685119669660269714e-01
5.749999999999999556e-01 5.250000000000000222e-01 1.053237827844789143e+00 1.059183086884621261e+00 4.547635891352850290e-01 2.347709819454580349e-01 5.713355395503215695e-01 4.937982090363887688e-02 2.745816269025218581e-01
5.749999999999999556e-01 5.500000000000000444e-01 1.008369933111458838e+00 1.014578144620925659e+00 4.547635891352841409e-01 2.308747432377103448e-01 5.711171865537048031e-01 4.919968982080184794e-02 2.812706656381451231e-01
5.749999999999999556e-01 5.749999999999999556e-01 9.640072209289767269e-01 9.704992589087551025e-01 4.547635891352890258e-01 2.270540158612097126e-01 5.711595630352657160e-01 4.901223232328676127e-02 2.886492913039740982e-01
5.749999999999999556e-01 5.999999999999999778e-01 9.202227567297008859e-01 9.270214730751600296e-01 4.547635891352879156e-01 2.233077942481785372e-01 5.711876417562108399e-01 4.881758379232357947e-02 2.967983000055892107e-01
5.749999999999999556e-01 6.250000000000000000e-01 8.771031421692719876e-01 8.842334598636473197e-01 4.547635891352854731e-01 2.196350186448543795e-01 5.711783696262650034e-01 4.861588390837301432e-02 3.058105686369936849e-01
5.749999999999999556e-01 6.500000000000000222e-01 8.347514132981208590e-01 8.422403525968327198e-01 4.547635891352848070e-01 2.160345842275383510e-01 5.711301283558430919e-01 4.840727644771342791e-02 3.157925953844885614e-01
5.749999999999999556e-01 6.750000000000000444e-01 7.932905659360952599e-01 8.011671558061017606e-01 4.547635891352871385e-01 2.125053492275645606e-01 5.712024455473870832e-01 4.819190907456036288e-02 3.268659476767854510e-01
5.749999999999999556e-01 6.999999999999999556e-01 7.528677984900207232e-01 7.611628022587793030e-01 4.547635891352864723e-01 2.090461421668227127e-01 5.712758694183204256e-01 4.796993312918157448e-02 3.391683623145441140e-01
5.749999999999999556e-01 7.249999999999999778e-01 7.136595280686794940e-01 7.224048806191942784e-01 4.547635891352845849e-01 2.056557682948400023e-01 5.711289471681491037e-01 4.774150341248088042e-02 3.528540615096726341e-01
5.749999999999999556e-01 7.500000000000000000e-01 6.758771500821805223e-01 6.851049638868802472e-01 4.547635891352869164e-01 2.023330153089806793e-01 5.711354615941237611e-01 4.750677796751985593e-02 3.680925770730621993e-01
5.749999999999999556e-01 7.750000000000000222e-01 6.397733364272146783e-01 6.495142889440059797e-01 4.547635891352863613e-01 1.990766584308900633e-01 5.712514041423135680e-01 4.726591785847027161e-02 3.850649946908608623e-01
5.749999999999999556e-01 8.000000000000000444e-01 6.056483484689859642e-01 6.159292260823797660e-01 4.547635891352861393e-01 1.958854649048182572e-01 5.714313101332327838e-01 4.701908694746084055e-02 4.039560543285283800e-01
5.749999999999999556e-01 8.249999999999999556e-01 5.738553145203156847e-01 5.846954861656106228e-01 4.547635891352826421e-01 1.927581979767287179e-01 5.716311421416195859e-01 4.676645166982633384e-02 4.249400702394611762e-01
5.749999999999999556e-01 8.500000000000000888e-01 5.448026450038677693e-01 5.562093234947049769e-01 4.547635891352893589e-01 1.896936204070941434e-01 5.715656132880559959e-01 4.650818080821960548e-02 4.481584426103298324e-01
5.749999999999999556e-01 8.750000000000000000e-01 5.189507895775959945e-01 5.309131864461820172e-01 4.547635891358977056e-01 1.866904975649605336e-01 5.715402079976237282e-01 4.624444526608226247e-02 4.736871893352821439e-01
5.749999999999999556e-01 9.000000000000000222e-01 4.967996799548186626e-01 5.092826440616633477e-01 4.547635892472962071e-01 1.837476001459906749e-01 5.715607536333505712e-01 4.597541784095025841e-02 5.014952943266325347e-01
5.749999999999999556e-01 9.250000000000000444e-01 4.788631558213790052e-01 4.918015977428650820e-01 4.547636046440381996e-01 1.562611505269725642e-01 5.716301488549617726e-01 4.570127299805941401e-02 5.313995244829546882e-01
5.749999999999999556e-01 9.499999999999999556e-01 4.656285236142760353e-01 4.789246407760207047e-01 4.547650555048902143e-01 1.067921713502809067e-01 5.717575263006788866e-01 4.542218664473088308e-02 5.630282789547398359e-01
5.749999999999999556e-01 9.750000000000000888e-01 4.575040131006616329e-01 4.710295230051261828e-01 4.548351014156402083e-01 5.422726271424938016e-02 5.717050251032536057e-01 4.513833590598240186e-02 5.958127694364411253e-01
5.749999999999999556e-01 1.000000000000000000e+00 4.547635891352894699e-01 4.683682435247292775e-01 4.558366664475166918e-01 2.180507671385088306e-10 5.715084120039863880e-01 4.484989890183084527e-02 6.290222321814830098e-01
5.749999999999999556e-01 1.024999999999999911e+00 4.575040131006616329e-01 4.710295230051272375e-01 4.600048348066019255e-01 5.422726271424951200e-02 5.713157722768191782e-01 4.455705452670727373e-02 6.618461114723164229e-01
5.749999999999999556e-01 1.050000000000000044e+00 4.656285236142760353e-01 4.789246407760175961e-01 4.687454986862757966e-01 1.067921713502809067e-01 5.711697510244780895e-01 4.425998223143134958e-02 6.935041925534009000e-01
5.749999999999999556e-01 1.075000000000000178e+00 4.788631558213790052e-01 4.918015977428687457e-01 4.822776385722416514e-01 1.562611505269725642e-01 5.711156251158051589e-01 4.395886180814358168e-02 7.233497597841853644e-01
5.749999999999999556e-01 1.100000000000000089e+00 4.967996799548187736e-01 5.092826440616602390e-01 5.003529113166533815e-01 1.622284058803688256e-01 5.711982783267626207e-01 4.365387317860871391e-02 7.480930953611877321e-01
5.749999999999999556e-01 1.125000000000000000e+00 5.189507895775959945e-01 5.309131864461820172e-01 5.225505858109453783e-01 1.597740623085069644e-01 5.714596122192696637e-01 4.334519618626585247e-02 7.683283440270809450e-01
5.749999999999999556e-01 1.149999999999999911e+00 5.448026450038675472e-01 5.562093234947060871e-01 5.483917490124460281e-01 1.573683398350107510e-01 5.718278143769297550e-01 4.303301039240010895e-02 7.859085581806223297e-01
5.749999999999999556e-01 1.175000000000000044e+00 5.738553145203156847e-01 5.846954861656078473e-01 5.773977407830163111e-01 1.550101714220003535e-01 5.713181119154550069e-01 4.271749487678372370e-02 8.000702093726894670e-01
5.749999999999999556e-01 1.200000000000000178e+00 6.056483484689859642e-01 6.159292260823787668e-01 6.091220570244411103e-01 1.526985094604005333e-01 5.711169969639176003e-01 4.239882804311637110e-02 8.129665837622883640e-01
5.749999999999999556e-01 1.225000000000000089e+00 6.397733364272149004e-01 6.495142889440087552e-01 6.431656688276627953e-01 1.504323260188192846e-01 5.712629208005104431e-01 4.207718742958857505e-02 8.246420075386129422e-01
5.749999999999999556e-01 1.250000000000000000e+00 6.758771500821805223e-01 6.851049638868764724e-01 6.791817622086596673e-01 1.482106130135246169e-01 5.717790952079745415e-01 4.175274952484628321e-02 8.342922487437622880e-01
5.749999999999999556e-01 1.274999999999999911e+00 7.136595280686792719e-01 7.224048806191978311e-01 7.168742716330722686e-01 1.460323823084142270e-01 5.712023671184407458e-01 4.142568958964255865e-02 8.434412551921584011e-01
5.749999999999999556e-01 1.300000000000000044e+00 7.528677984900207232e-01 7.611628022587786369e-01 7.559932526288739574e-01 1.438966657529909821e-01 5.711660161734815055e-01 4.109618148441924329e-02 8.516086320452891378e-01
5.749999999999999556e-01 1.325000000000000178e+00 7.932905659360952599e-01 8.011671558061013165e-01 7.963290259565589668e-01 1.418025151655658012e-01 5.715731505106464994e-01 4.076439750305066445e-02 8.592626286046215478e-01
5.749999999999999556e-01 1.350000000000000089e+00 8.347514132981209700e-01 8.422403525968307214e-01 8.377062014457390404e-01 1.397490022681737165e-01 5.711213632184277689e-01 4.043050821296177016e-02 8.665171809831524463e-01
5.749999999999999556e-01 1.375000000000000000e+00 8.771031421692719876e-01 8.842334598636488741e-01 8.799781436748759234e-01 1.377352185790821359e-01 5.713745456810215284e-01 4.009468230179839832e-02 8.726313495499211648e-01
5.749999999999999556e-01 1.399999999999999911e+00 9.202227567297005528e-01 9.270214730751591414e-01 9.230221120661055156e-01 1.357602752681347780e-01 5.711154923774621750e-01 3.975708643081449917e-02 8.781965465392330694e-01
5.749999999999999556e-01 1.425000000000000044e+00 9.640072209289767269e-01 9.704992589087504395e-01 9.667351254538095739e-01 1.338233029796834783e-01 5.711594128994157415e-01 3.941788509512634403e-02 8.835181571738873751e-01
5.749999999999999556e-01 1.450000000000000178e+00 1.008369933111458838e+00 1.014578144620924771e+00 1.011030509938601663e+00 1.319234516273640190e-01 5.711178561372658447e-01 3.907724049093611041e-02 8.885262148262920157e-01
5.749999999999999556e-01 1.475000000000000089e+00 1.053237827844789587e+00 1.059183086884621705e+00 1.055835050253346896e+00 1.300598901645554917e-01 5.713355395503214584e-01 3.873531238983306257e-02 8.932833763432325158e-01
5.749999999999999556e-01 1.500000000000000000e+00 1.098549007556426815e+00 1.104250339163379335e+00 1.101086654616556970e+00 1.282318063339465963e-01 5.723986245259495842e-01 3.839225802024238965e-02 8.976206025061869154e-01
