5.500000000000000444e-01 5.000000000000000000e-01 1.109919501214652104e+00 1.114319965693931769e+00 4.815820793764855612e-01 2.326169397981524001e-01 5.868792396357753738e-01 4.955249468828386294e-02 2.826443538385475795e-01
5.500000000000000444e-01 5.250000000000000222e-01 1.065092155250700223e+00 1.069677047498039713e+00 4.815820793764846730e-01 2.287515996562589637e-01 5.862238316432916152e-01 4.937982090363893933e-02 2.888975365054738953e-01
5.500000000000000444e-01 5.500000000000000444e-01 1.020745462481505328e+00 1.025528637310594737e+00 4.815820793764848951e-01 2.249602067326672561e-01 5.862001305854510624e-01 4.919968982080177161e-02 2.957760493717018768e-01
5.500000000000000444e-01 5.749999999999999556e-01 9.769448803164806350e-01 9.819414371255186236e-01 4.815820793764842289e-01 2.212418960393950362e-01 5.862049239587857619e-01 4.901223232328665025e-02 3.033477613355755054e-01
5.500000000000000444e-01 5.999999999999999778e-01 9.337672617823900012e-01 9.389936027173578781e-01 4.815820793764801211e-01 2.175957347125085373e-01 5.861975629505696839e-01 4.881758379232339212e-02 3.116901294435354686e-01
5.500000000000000444e-01 6.250000000000000000e-01 8.913031466210485920e-01 8.967769990048346518e-01 4.815820793764852281e-01 2.140207324906042430e-01 5.862561216245640860e-01 4.861588390837294493e-02 3.208913428575842497e-01
5.500000000000000444e-01 6.500000000000000222e-01 8.496595195586182925e-01 8.553998982605297563e-01 4.815820793764850061e-01 2.105158510628741264e-01 5.862290533884497723e-01 4.840727644771342791e-02 3.310514068342841898e-01
5.500000000000000444e-01 6.750000000000000444e-01 8.089631012454041592e-01 8.149901753666297655e-01 4.815820793764820085e-01 2.070800124031462741e-01 5.863589292704100009e-01 4.819190907456009920e-02 3.422830040374089666e-01
5.500000000000000444e-01 6.999999999999999556e-01 7.693642175046760956e-01 7.756990305164294108e-01 4.815820793764851171e-01 2.037121061940167788e-01 5.862058812529864493e-01 4.796993312918171326e-02 3.547118620028947844e-01
5.500000000000000444e-01 7.249999999999999778e-01 7.310412431433552793e-01 7.377052161562434041e-01 4.815820793764855612e-01 2.004109964343134820e-01 5.862308666795653656e-01 4.774150341248054041e-02 3.684761952181448974e-01
5.500000000000000444e-01 7.500000000000000000e-01 6.942055165270457628e-01 7.012196417272775761e-01 4.815820793764843399e-01 1.971755273134412623e-01 5.863916745490287408e-01 4.750677796752005022e-02 3.837245662092999554e-01
5.500000000000000444e-01 7.750000000000000222e-01 6.591064399447041922e-01 6.664900493961826156e-01 4.815820793764807872e-01 1.940045284275153104e-01 5.865882845549782454e-01 4.726591785847021610e-02 4.006112230493553139e-01
5.500000000000000444e-01 8.000000000000000444e-01 6.260361804053997670e-01 6.338051640245041529e-01 4.815820793764851726e-01 1.908968194044833866e-01 5.864533148348721747e-01 4.701908694746086137e-02 4.192876573086130598e-01
5.500000000000000444e-01 8.249999999999999556e-01 5.953329313725073124e-01 6.034972957222981549e-01 4.815820793764825636e-01 1.878512139985447638e-01 5.863727318270477440e-01 4.676645166982622281e-02 4.398889001700431178e-01
5.500000000000000444e-01 8.500000000000000888e-01 5.673810881379308668e-01 5.759418251387269372e-01 4.815820793764862828e-01 1.848665237080254209e-01 5.863307020828048000e-01 4.650818080821934181e-02 4.625131830131583022e-01
5.500000000000000444e-01 8.750000000000000000e-01 5.426060257466576164e-01 5.515514354474349012e-01 4.815820793770611008e-01 1.819415609653785015e-01 5.863170539411601823e-01 4.624444526608220696e-02 4.871944552572439746e-01
5.500000000000000444e-01 9.000000000000000222e-01 5.214607359874587900e-01 5.307626455809886235e-01 4.815820794822590067e-01 1.790751419430079427e-01 5.863280657039526833e-01 4.597541784095021677e-02 5.138694022894080282e-01
5.500000000000000444e-01 9.250000000000000444e-01 5.044019222570252925e-01 5.140126320861477804e-01 4.815820940215816415e-01 1.456971274857486454e-01 5.863667588164673816e-01 4.570127299805915727e-02 5.423443116735143787e-01
5.500000000000000444e-01 9.499999999999999556e-01 4.918549574585806550e-01 5.017060752513691213e-01 4.815834640866881733e-01 9.936154065186245110e-02 5.864426596554600524e-01 4.542218664473049450e-02 5.722716711490980490e-01
5.500000000000000444e-01 9.750000000000000888e-01 4.841707334986103950e-01 4.941750559711908242e-01 4.816496098338946541e-01 5.038478497839733034e-02 5.865710595343895939e-01 4.513833590598238799e-02 6.031492705384434716e-01
5.500000000000000444e-01 1.000000000000000000e+00 4.815820793764885588e-01 4.916390809772219761e-01 4.825955280059640584e-01 2.025033986296592742e-10 5.867718628833007433e-01 4.484989890183045669e-02 6.343520541316125527e-01
5.500000000000000444e-01 1.024999999999999911e+00 4.841707334986103950e-01 4.941750559711901025e-01 4.865345056815766345e-01 5.038478497839688625e-02 5.867532533423813756e-01 4.455705452670741251e-02 6.651968699176838973e-01
5.500000000000000444e-01 1.050000000000000044e+00 4.918549574585806550e-01 5.017060752513643473e-01 4.948067498650496332e-01 9.936154065186245110e-02 5.864804254977743492e-01 4.425998223143141896e-02 6.950259377414960138e-01
5.500000000000000444e-01 1.075000000000000178e+00 5.044019222570252925e-01 5.140126320861482245e-01 5.076446570586432561e-01 1.456971274857486454e-01 5.862793218316537658e-01 4.395886180814367883e-02 7.232850777729757930e-01
5.500000000000000444e-01 1.100000000000000089e+00 5.214607359874590120e-01 5.307626455809844046e-01 5.248470377513998475e-01 1.581122253964172830e-01 5.861966355769300252e-01 4.365387317860864452e-02 7.480893418382297266e-01
5.500000000000000444e-01 1.125000000000000000e+00 5.426060257466576164e-01 5.515514354474366776e-01 5.460498987315425268e-01 1.557210448109637713e-01 5.862762477322056576e-01 4.334519618626601900e-02 7.684918960375489716e-01
5.500000000000000444e-01 1.149999999999999911e+00 5.673810881379306448e-01 5.759418251387293797e-01 5.708282469870469278e-01 1.533771860835525525e-01 5.865571781060979761e-01 4.303301039240023385e-02 7.855613828713865487e-01
5.500000000000000444e-01 1.175000000000000044e+00 5.953329313725073124e-01 6.034972957223001533e-01 5.987483012374250624e-01 1.510796143641112144e-01 5.867571260736902383e-01 4.271749487678354329e-02 8.001296144902512175e-01
5.500000000000000444e-01 1.200000000000000178e+00 6.260361804053997670e-01 6.338051640245028207e-01 6.293973764856830577e-01 1.488273132990124981e-01 5.863122418000488167e-01 4.239882804311612130e-02 8.129008040431422444e-01
5.500000000000000444e-01 1.225000000000000089e+00 6.591064399447046362e-01 6.664900493961873895e-01 6.623997695741636882e-01 1.466192853140490526e-01 5.862029548794691625e-01 4.207718742958826974e-02 8.248665050599665038e-01
5.500000000000000444e-01 1.250000000000000000e+00 6.942055165270457628e-01 7.012196417272720250e-01 6.974232884627787898e-01 1.444545518166042153e-01 5.864574325434140922e-01 4.175274952484621382e-02 8.343653572832210319e-01
5.500000000000000444e-01 1.274999999999999911e+00 7.310412431433550573e-01 7.377052161562427379e-01 7.341798815704618786e-01 1.423321533260952509e-01 5.865496809126314881e-01 4.142568958964257253e-02 8.433820575459444191e-01
5.500000000000000444e-01 1.300000000000000044e+00 7.693642175046760956e-01 7.756990305164280786e-01 7.724229250829852678e-01 1.402511495408240716e-01 5.862024182868719180e-01 4.109618148441915308e-02 8.516103277885684886e-01
5.500000000000000444e-01 1.325000000000000178e+00 8.089631012454041592e-01 8.149901753666284332e-01 8.119429134823998861e-01 1.382106193486092316e-01 5.863869583487804071e-01 4.076439750305080323e-02 8.592362601823667623e-01
5.500000000000000444e-01 1.350000000000000089e+00 8.496595195586186255e-01 8.553998982605343082e-01 8.525626411672112548e-01 1.362096607878014731e-01 5.863390574045251880e-01 4.043050821296219344e-02 8.664664728385031989e-01
5.500000000000000444e-01 1.375000000000000000e+00 8.913031466210485920e-01 8.967769990048377604e-01 8.941324904726719591e-01 1.342473909646409447e-01 5.862385503063030079e-01 4.009468230179797504e-02 8.726501466289816600e-01
5.500000000000000444e-01 1.399999999999999911e+00 9.337672617823897792e-01 9.389936027173599875e-01 9.365261323296566465e-01 1.323229459323250201e-01 5.862911772320770210e-01 3.975708643081435345e-02 8.782051236730187282e-01
5.500000000000000444e-01 1.425000000000000044e+00 9.769448803164806350e-01 9.819414371255159590e-01 9.796367591916738116e-01 1.304354805366034764e-01 5.862988386018262998e-01 3.941788509512630934e-02 8.835175963916298558e-01
5.500000000000000444e-01 1.450000000000000178e+00 1.020745462481505328e+00 1.025528637310596736e+00 1.023373865798842264e+00 1.285841682322358404e-01 5.862214519276817137e-01 3.907724049093588836e-02 8.885183691574595199e-01
5.500000000000000444e-01 1.475000000000000089e+00 1.065092155250700667e+00 1.069677047498043709e+00 1.067660540863461183e+00 1.267682008742172517e-01 5.862238316432919483e-01 3.873531238983302094e-02 8.932384358344575004e-01
5.500000000000000444e-01 1.500000000000000000e+00 1.109919501214652104e+00 1.114319965693933323e+00 1.112431210524069680e+00 1.249867884872720991e-01 5.868792396357753738e-01 3.839225802024255618e-02 8.976253586133254858e-01
