9.250000000000000444e-01 5.000000000000000000e-01 1.003211645075321012e+00 1.009859691039870278e+00 8.020975510953759491e-02 3.228904525128415415e-01 3.500260369261254945e-01 4.955249468828403642e-02 4.989003605440800460e-02
9.250000000000000444e-01 5.250000000000000222e-01 9.533800946184747271e-01 9.603731543452990183e-01 8.020975510953766430e-02 3.174375897560954840e-01 3.397680161583028213e-01 4.937982090363878668e-02 5.125093569274696836e-02
9.250000000000000444e-01 5.500000000000000444e-01 9.035671556750675126e-01 9.109426961050488547e-01 8.020975510953748389e-02 3.120978242053573104e-01 3.296062144668309712e-01 4.919968982080226427e-02 5.277897822897353874e-02
9.250000000000000444e-01 5.749999999999999556e-01 8.537760858765791605e-01 8.615779683738107320e-01 8.020975510953939902e-02 3.068688805061445812e-01 3.195938162237698665e-01 4.901223232328671964e-02 5.450136077728590100e-02
9.250000000000000444e-01 5.999999999999999778e-01 8.040109481933267466e-01 8.122909550075896323e-01 8.020975510953930188e-02 3.017484974461178138e-01 3.097968589129413974e-01 4.881758379232339906e-02 5.645195283462667302e-02
9.250000000000000444e-01 6.250000000000000000e-01 7.542768754341685478e-01 7.630967144387024170e-01 8.020975510953493037e-02 2.967344314328534960e-01 3.002983345584384622e-01 4.861588390837312534e-02 5.867344890996228912e-02
9.250000000000000444e-01 6.500000000000000222e-01 7.045804459497384542e-01 7.140144225344056128e-01 8.020975510954014842e-02 2.918244595598931679e-01 2.912040080434127876e-01 4.840727644771337934e-02 6.122041457102039841e-02
9.250000000000000444e-01 6.750000000000000444e-01 6.549302289669731714e-01 6.650688652967740033e-01 8.020975510953701204e-02 2.870163822981443569e-01 2.826508494609953903e-01 4.819190907456005757e-02 6.416368886568368790e-02
9.250000000000000444e-01 6.999999999999999556e-01 6.053375957387187034e-01 6.162926217205113577e-01 8.020975510953851084e-02 2.823080258465203718e-01 2.748195511114438494e-01 4.796993312918136632e-02 6.759690077026847543e-02
9.250000000000000444e-01 7.249999999999999778e-01 5.558179601404872328e-01 5.677293330339239219e-01 8.020975510953998189e-02 2.776972441727774688e-01 2.679536171762322283e-01 4.774150341248060980e-02 7.164637971151838203e-02
9.250000000000000444e-01 7.500000000000000000e-01 5.063927377191861368e-01 5.194387313121164862e-01 8.020975510953698429e-02 2.731819207729430099e-01 2.623893887782204337e-01 4.750677796751998083e-02 7.648670215381070392e-02
9.250000000000000444e-01 7.750000000000000222e-01 4.570925560701379897e-01 4.715046082353195334e-01 8.020975510953826104e-02 2.687599701752478865e-01 2.586049729865639302e-01 4.726591785847024385e-02 8.236596559921949279e-02
9.250000000000000444e-01 8.000000000000000444e-01 4.079627492979380210e-01 4.240478694524291159e-01 8.020975510953473608e-02 2.644293392123352460e-01 2.573033279439022047e-01 4.701908694746075035e-02 8.964861540386659389e-02
9.250000000000000444e-01 8.249999999999999556e-01 3.590732582840615583e-01 3.772487184698449791e-01 8.020975510953518017e-02 2.601880080835048403e-01 2.574244994032858225e-01 4.676645166982595914e-02 9.889162214399499495e-02
9.250000000000000444e-01 8.500000000000000888e-01 3.105376061199873194e-01 3.313858711338500962e-01 8.020975510955127841e-02 2.560339912268950191e-01 2.577384047523824107e-01 4.650818080821962630e-02 1.109879387814232121e-01
9.250000000000000444e-01 8.750000000000000000e-01 2.625520992388602481e-01 2.869086885877483173e-01 8.020975511299202609e-02 2.519653380198646486e-01 2.577987693813671433e-01 4.624444526608274819e-02 1.274553805221079195e-01
9.250000000000000444e-01 9.000000000000000222e-01 2.154845813851475611e-01 2.445743150601510929e-01 8.020975574459518476e-02 2.479801333242355743e-01 2.573149607773730363e-01 4.597541784095020290e-02 1.510647099775178082e-01
9.250000000000000444e-01 9.250000000000000444e-01 1.700988089750551380e-01 2.057099793085951922e-01 8.020984303914108215e-02 2.440764978917084604e-01 2.573920873667940867e-01 4.570127299805960830e-02 1.873164108231984981e-01
9.250000000000000444e-01 9.499999999999999556e-01 1.281936223637212269e-01 1.726748261535036022e-01 8.021806853751226041e-02 2.402525886434211944e-01 2.576911023033094383e-01 4.542218664473037654e-02 2.480316201441152280e-01
9.250000000000000444e-01 9.750000000000000888e-01 9.451774867575064853e-02 1.493874010321581958e-01 8.061421891513864679e-02 2.365065988364328797e-01 2.578969169414678242e-01 4.513833590598231860e-02 3.577269147455812703e-01
9.250000000000000444e-01 1.000000000000000000e+00 8.020975510953989862e-02 1.407714302944430562e-01 8.608570897372275210e-02 1.508633791950209525e-09 2.578379601645419683e-01 4.484989890183047057e-02 5.363329631566907674e-01
9.250000000000000444e-01 1.024999999999999911e+00 9.451774867575053751e-02 1.493874010321549206e-01 1.059628748995261327e-01 2.292413325542326796e-01 2.575616223915491720e-01 4.455705452670717659e-02 6.545638049454367557e-01
9.250000000000000444e-01 1.050000000000000044e+00 1.281936223637212269e-01 1.726748261535003826e-01 1.390899901149122431e-01 2.257186244151668242e-01 2.573127447956117808e-01 4.425998223143112059e-02 6.913197491906244441e-01
9.250000000000000444e-01 1.075000000000000178e+00 1.700988089750551380e-01 2.057099793085919726e-01 1.794864994319668172e-01 2.222669721047305091e-01 2.574308299191501725e-01 4.395886180814360944e-02 7.248116756641834746e-01
9.250000000000000444e-01 1.100000000000000089e+00 2.154845813851478109e-01 2.445743150601529803e-01 2.235547330623339213e-01 2.188847498641675604e-01 2.582337702969671467e-01 4.365387317860852656e-02 7.531705686882687045e-01
9.250000000000000444e-01 1.125000000000000000e+00 2.625520992388602481e-01 2.869086885877489834e-01 2.695974731759989140e-01 2.155703674841001338e-01 2.584032908882150092e-01 4.334519618626579696e-02 7.697367623236878176e-01
9.250000000000000444e-01 1.149999999999999911e+00 3.105376061199870974e-01 3.313858711338533158e-01 3.167920346164939671e-01 2.123222699560469995e-01 2.572940609815841384e-01 4.303301039240081671e-02 7.854340536015030905e-01
9.250000000000000444e-01 1.175000000000000044e+00 3.590732582840615583e-01 3.772487184698478657e-01 3.647078747063927651e-01 2.091389370804290493e-01 2.578744952878354590e-01 4.271749487678339757e-02 8.001123391796126638e-01
9.250000000000000444e-01 1.200000000000000178e+00 4.079627492979380210e-01 4.240478694524248415e-01 4.131021219567997393e-01 2.060188830366495860e-01 2.573033279439020382e-01 4.188791192479640602e-02 8.129162754841066096e-01
9.250000000000000444e-01 1.225000000000000089e+00 4.570925560701381007e-01 4.715046082353187562e-01 4.618287132369042758e-01 2.029606559203468996e-01 2.586049729865647073e-01 3.594502252822515120e-02 8.249497639734798549e-01
9.250000000000000444e-01 1.250000000000000000e+00 5.063927377191861368e-01 5.194387313121147098e-01 5.107950165461550007e-01 1.999628372524502318e-01 2.623893887782204337e-01 3.124015754078542095e-02 8.346856905915949199e-01
9.250000000000000444e-01 1.274999999999999911e+00 5.558179601404871217e-01 5.677293330339200361e-01 5.599396433018200003e-01 1.970240414642309146e-01 2.679536171762335051e-01 2.743851914300425576e-02 8.433957456077626480e-01
9.250000000000000444e-01 1.300000000000000044e+00 6.053375957387187034e-01 6.162926217205100254e-01 6.092203877349360308e-01 1.941429153621636594e-01 2.748195511114439049e-01 2.431412522038847029e-02 8.516664149480361878e-01
9.250000000000000444e-01 1.325000000000000178e+00 6.549302289669731714e-01 6.650688652967690073e-01 6.586073188117815835e-01 1.913181375760327763e-01 2.826508494609952793e-01 2.170931419387876066e-02 8.594766318714207598e-01
9.250000000000000444e-01 1.350000000000000089e+00 7.045804459497383432e-01 7.140144225344015050e-01 7.080786416438278330e-01 1.885484179934103222e-01 2.912040080434126210e-01 1.951096767675881277e-02 8.660467682425948555e-01
9.250000000000000444e-01 1.375000000000000000e+00 7.542768754341685478e-01 7.630967144386984202e-01 7.576181202670730919e-01 1.858324971833140160e-01 3.002983345584384067e-01 1.763595822020898318e-02 8.723138484396812942e-01
9.250000000000000444e-01 1.399999999999999911e+00 8.040109481933265245e-01 8.122909550075900764e-01 8.072134179846734980e-01 1.831691458115845550e-01 3.097968589129410644e-01 1.602191946679701329e-02 8.781559221363021139e-01
9.250000000000000444e-01 1.425000000000000044e+00 8.537760858765791605e-01 8.615779683738036265e-01 8.568549968330214650e-01 1.805571640502591224e-01 3.195938162237696445e-01 1.462120796355999980e-02 8.835318713588273809e-01
9.250000000000000444e-01 1.450000000000000178e+00 9.035671556750675126e-01 9.109426961050510752e-01 9.065353687740096422e-01 1.779953809830113198e-01 3.296062144668310823e-01 1.339684451501872361e-02 8.886633073233575209e-01
9.250000000000000444e-01 1.475000000000000089e+00 9.533800946184747271e-01 9.603731543452979080e-01 9.562485744590722980e-01 1.754826540084712949e-01 3.397680161583032654e-01 1.231972021667491340e-02 8.934531833743246665e-01
9.250000000000000444e-01 1.500000000000000000e+00 1.003211645075321012e+00 1.009859691039869389e+00 1.005989812963430818e+00 1.730178682431007253e-01 3.500260369261252169e-01 1.136663193092322249e-02 8.975962225622119428e-01
