1.225000000000000089e+00 5.000000000000000000e-01 1.029221630182934222e+00 1.000017044505089547e+00 2.435100902147893098e-01 3.920066063878512308e-01 1.507841698300173006e-01 4.955249468828380743e-02 1.492787969662628944e-01
1.225000000000000089e+00 5.250000000000000222e-01 9.807125797278302137e-01 9.500179415677845185e-01 2.435100902147883106e-01 3.853443984722723092e-01 1.305096227329336500e-01 4.937982090363869647e-02 1.531417688367912033e-01
1.225000000000000089e+00 5.500000000000000444e-01 9.323610695628682388e-01 9.000189383011321098e-01 2.435100902147911139e-01 3.788271468999146463e-01 1.092378758952388118e-01 4.919968982080220182e-02 1.574544663157975699e-01
1.225000000000000089e+00 5.749999999999999556e-01 8.841929450275070046e-01 8.500200522932972458e-01 2.435100902147889768e-01 3.724512237018936522e-01 8.684006174633301933e-02 4.901223232328684454e-02 1.622831879705290969e-01
1.225000000000000089e+00 5.999999999999999778e-01 8.362398962238146716e-01 8.000213055292317854e-01 2.435100902147921964e-01 3.662131057967389358e-01 6.315923070390500049e-02 4.881758379232366274e-02 1.677085753125739931e-01
1.225000000000000089e+00 6.250000000000000000e-01 7.885411619163682495e-01 7.500227258561548149e-01 2.435100902147904478e-01 3.601093704926187078e-01 3.800252435470680146e-02 4.861588390837298657e-02 1.738294906654176408e-01
1.225000000000000089e+00 6.500000000000000222e-01 7.411458453208894515e-01 7.000243490770134969e-01 2.435100902147888657e-01 3.541366913710763953e-01 1.113073774840001029e-02 4.840727644771326832e-02 1.807681601185016640e-01
1.225000000000000089e+00 6.750000000000000444e-01 6.941161027064681743e-01 6.500262220100815336e-01 2.435100902147904200e-01 3.482918345047484321e-01 9.633936283595656569e-04 4.819190907456012696e-02 1.886770470037401615e-01
1.225000000000000089e+00 6.999999999999999556e-01 6.475315930797636010e-01 6.000284070781088941e-01 2.435100902147890878e-01 3.425716549679525547e-01 1.519695906880613734e-03 4.796993312918150509e-02 1.977480961572578022e-01
1.225000000000000089e+00 7.249999999999999778e-01 6.014957722514900906e-01 5.500309894003229116e-01 2.435100902147898927e-01 3.369730936045529646e-01 9.019675359295875605e-03 4.774150341248118573e-02 2.082252114688494249e-01
1.225000000000000089e+00 7.500000000000000000e-01 5.561449128027842193e-01 5.000340881386990954e-01 2.435100902147888102e-01 3.314931740223201473e-01 1.050616307304291785e-02 4.750677796752000859e-02 2.204210743532855066e-01
1.225000000000000089e+00 7.750000000000000222e-01 5.116611808965150221e-01 4.500378754068379283e-01 2.435100902147907531e-01 3.261289997871200663e-01 1.736888982608142395e-02 4.726591785847014671e-02 2.347395732569054205e-01
1.225000000000000089e+00 8.000000000000000444e-01 4.682917509805358258e-01 4.000426093564274921e-01 2.435100902147906143e-01 3.208777517938461443e-01 4.351021818187750245e-03 4.701908694746091688e-02 2.517048683075148729e-01
1.225000000000000089e+00 8.249999999999999556e-01 4.263767864652301953e-01 3.500486956134826189e-01 2.435100902147913082e-01 3.157366857940750449e-01 7.407312004020338847e-03 4.676645166982622281e-02 2.719965756736128504e-01
1.225000000000000089e+00 8.500000000000000888e-01 3.863899119237153013e-01 3.000568101221831041e-01 2.435100902147931956e-01 3.107031300631316606e-01 1.761001414707641377e-02 4.650818080821908507e-02 2.964855230702034272e-01
1.225000000000000089e+00 8.750000000000000000e-01 3.489945043068963804e-01 2.500681693072884793e-01 2.435100902159257896e-01 3.057744831915237826e-01 2.596083367128504404e-02 4.624444526608233186e-02 3.262511052869653261e-01
1.225000000000000089e+00 9.000000000000000222e-01 3.151145252704425914e-01 2.000852051019761935e-01 2.435100904239728414e-01 3.009482119877189277e-01 3.206473181054197985e-02 4.597541784095032780e-02 3.625307412397130169e-01
1.225000000000000089e+00 9.250000000000000444e-01 2.860020350214598217e-01 1.501135879948918284e-01 2.435101191779252827e-01 2.962218494809623071e-01 3.082751781513448641e-02 4.570127299805953891e-02 4.064976571190769272e-01
1.225000000000000089e+00 9.499999999999999556e-01 2.632435450992416381e-01 1.001703014905113986e-01 2.435128287001979142e-01 2.867839943883321308e-01 3.138158720099798460e-02 4.542218664473073736e-02 4.587168977282097826e-01
1.225000000000000089e+00 9.750000000000000888e-01 2.485903538684001712e-01 5.033973878260070839e-02 2.436436157853942019e-01 1.485751851433070037e-01 3.371183441914205048e-02 4.513833590598240186e-02 5.182495344785098546e-01
1.225000000000000089e+00 1.000000000000000000e+00 2.435100902147925850e-01 5.838604345245575894e-03 2.455082656677603503e-01 6.019121104290084703e-10 3.260811274933500536e-02 4.484989890183060934e-02 5.819073533901413242e-01
1.225000000000000089e+00 1.024999999999999911e+00 2.485903538684000325e-01 5.033973878259484502e-02 2.531633663835584080e-01 1.485751851433063653e-01 2.657279929427608378e-02 4.455705452670745415e-02 6.447364111080954308e-01
1.225000000000000089e+00 1.050000000000000044e+00 2.632435450992416381e-01 1.001703014905107464e-01 2.687184113004715824e-01 2.740067252129437803e-01 1.839152890554890396e-02 4.425998223143150223e-02 6.925452691667530747e-01
1.225000000000000089e+00 1.075000000000000178e+00 2.860020350214598217e-01 1.501135879948909402e-01 2.916829832198412631e-01 2.698314863004143138e-01 8.334044208693935918e-03 4.395886180814381761e-02 7.232601787468777577e-01
1.225000000000000089e+00 1.100000000000000089e+00 3.151145252704427580e-01 2.000852051019756939e-01 3.206871963397615044e-01 2.657405907295505854e-01 3.304400068933954771e-03 4.365387317860836003e-02 7.500434706902259219e-01
1.225000000000000089e+00 1.125000000000000000e+00 3.489945043068963804e-01 2.500681693072871470e-01 3.543252132780911889e-01 2.617320386897026285e-01 1.622691805977094504e-02 4.334519618626588022e-02 7.711861482404418489e-01
1.225000000000000089e+00 1.149999999999999911e+00 3.863899119237150237e-01 3.000568101221833262e-01 3.914342248937121571e-01 2.578038818557124578e-01 3.015323252583174130e-02 4.303301039240046977e-02 7.859926508709317305e-01
1.225000000000000089e+00 1.175000000000000044e+00 4.263767864652301953e-01 3.500486956134796213e-01 4.311326861820352629e-01 2.539542220168343745e-01 1.992967230343029028e-02 4.271749487678341839e-02 8.000022009996534678e-01
1.225000000000000089e+00 1.200000000000000178e+00 4.682917509805358258e-01 4.000426093564257712e-01 4.727757633243229174e-01 2.501812097465016538e-01 4.995854069402283493e-04 4.239882804311575354e-02 8.129882027327747229e-01
1.225000000000000089e+00 1.225000000000000089e+00 5.116611808965150221e-01 4.500378754068302678e-01 5.158966171547747503e-01 2.464830431107475905e-01 1.906861416301386392e-02 4.207718742958811015e-02 8.251294103475677044e-01
1.225000000000000089e+00 1.250000000000000000e+00 5.561449128027842193e-01 5.000340881386992065e-01 5.601563247434315773e-01 2.428579664133214688e-01 1.563088069057455565e-02 4.175274952484635260e-02 8.350417098942082283e-01
1.225000000000000089e+00 1.274999999999999911e+00 6.014957722514898686e-01 5.500309894003243549e-01 6.053065036513796127e-01 2.393042689757634012e-01 8.396789858312325716e-03 4.142568958964237824e-02 8.435316449011190931e-01
1.225000000000000089e+00 1.300000000000000044e+00 6.475315930797636010e-01 6.000284070781127799e-01 6.511628368185597981e-01 2.358202839509073445e-01 8.953545054697698014e-03 4.109618148441934044e-02 8.516088292602859156e-01
1.225000000000000089e+00 1.325000000000000178e+00 6.941161027064681743e-01 6.500262220100816446e-01 6.975866681740168218e-01 2.324043871684063345e-01 8.332849015900145595e-03 4.076439750305070608e-02 8.592771875309399565e-01
1.225000000000000089e+00 1.350000000000000089e+00 7.411458453208900066e-01 7.000243490770168275e-01 7.444722439244173540e-01 2.290549960110761230e-01 1.113073774840050989e-02 4.043050821296195751e-02 8.659945555710226728e-01
1.225000000000000089e+00 1.375000000000000000e+00 7.885411619163682495e-01 7.500227258561577015e-01 7.917378198486487717e-01 2.257705683208883207e-01 3.800252435470685697e-02 4.009468230179800974e-02 8.723751982278892259e-01
1.225000000000000089e+00 1.399999999999999911e+00 8.362398962238140054e-01 8.000213055292348940e-01 8.393194036814494163e-01 2.225496013336342727e-01 6.315923070390533356e-02 3.975708643081417304e-02 8.782058919962059118e-01
1.225000000000000089e+00 1.425000000000000044e+00 8.841929450275070046e-01 8.500200522932974678e-01 8.871663005431392746e-01 2.193906306412870266e-01 8.684006174633290831e-02 3.941788509512618444e-02 8.835175711234046769e-01
1.225000000000000089e+00 1.450000000000000178e+00 9.323610695628682388e-01 9.000189383011297783e-01 9.352379023862915641e-01 2.162922291812507947e-01 1.092378758952384787e-01 3.907724049093605490e-02 8.885919330014666606e-01
1.225000000000000089e+00 1.475000000000000089e+00 9.807125797278304358e-01 9.500179415677888484e-01 9.835013448779252876e-01 2.132530062516566072e-01 1.305096227329334280e-01 3.629598827541929973e-02 8.934350107411934694e-01
1.225000000000000089e+00 1.500000000000000000e+00 1.029221630182934222e+00 1.000017044505092212e+00 1.031929776199855819e+00 2.102716065519946997e-01 1.507841698300173561e-01 3.357049646071122440e-02 8.976326557399471051e-01
