1.399999999999999911e+00 5.000000000000000000e-01 1.088982759413688939e+00 1.000000057933316366e+00 4.311420303104860352e-01 4.307152848368744347e-01 4.495882179589555383e-02 4.955249468828396703e-02 2.558623597332698174e-01
1.399999999999999911e+00 5.250000000000000222e-01 1.043256176737167307e+00 9.500000609824355013e-01 4.311420303104873675e-01 4.233894025730117749e-01 2.024699828443027316e-02 4.937982090363868953e-02 2.617525000046264094e-01
1.399999999999999911e+00 5.500000000000000444e-01 9.979396025312610163e-01 9.000000643703470748e-01 4.311420303104860352e-01 4.162259521641706317e-01 3.221844584487487673e-03 4.919968982080222264e-02 2.682541928203982518e-01
1.399999999999999911e+00 5.749999999999999556e-01 9.530915225203987484e-01 8.500000681568349314e-01 4.311420303104840368e-01 4.092205546783533876e-01 7.584319376816861524e-03 4.901223232328663637e-02 2.754393310168323783e-01
1.399999999999999911e+00 5.999999999999999778e-01 9.087812994886347306e-01 8.000000724166420607e-01 4.311420303104878116e-01 4.023689854372822783e-01 1.156206323850805795e-02 4.881758379232360029e-02 2.833912419811127625e-01
1.399999999999999911e+00 6.250000000000000000e-01 8.650915849204935393e-01 7.500000772444195274e-01 4.311420303104886997e-01 3.956671654486950129e-01 6.616624399125359268e-03 4.861588390837298657e-02 2.922065042686390335e-01
1.399999999999999911e+00 6.500000000000000222e-01 8.221213111823895137e-01 7.000000827618755306e-01 4.311420303104882557e-01 3.891111535889196782e-01 7.273382436803699225e-03 4.840727644771362220e-02 3.019969239695788898e-01
1.399999999999999911e+00 6.750000000000000444e-01 7.799893911459634399e-01 6.500000891281749738e-01 4.311420303104895324e-01 3.826971394531443194e-01 8.265376797718659851e-03 4.819190907455979389e-02 3.128915613692732633e-01
1.399999999999999911e+00 6.999999999999999556e-01 7.388392587703040970e-01 6.000000965555167820e-01 4.311420303104894769e-01 3.764214368007238187e-01 1.769009050744857481e-02 4.796993312918124142e-02 3.250385830119000286e-01
1.399999999999999911e+00 7.249999999999999778e-01 6.988443677244970953e-01 5.500001053332899126e-01 4.311420303104888663e-01 3.702804775314605390e-01 7.087721681461656154e-03 4.774150341248072776e-02 3.386065214018868508e-01
1.399999999999999911e+00 7.500000000000000000e-01 6.602147001546179172e-01 5.000001158666247392e-01 4.311420303104896434e-01 3.642708061363945093e-01 2.530303670193190246e-03 4.750677796752039717e-02 3.537842165176847686e-01
1.399999999999999911e+00 7.750000000000000222e-01 6.232041802653859319e-01 4.500001287406882877e-01 4.311420303104875895e-01 3.583890745732578598e-01 1.102352812252654912e-02 4.726591785847004956e-02 3.707782490794795938e-01
1.399999999999999911e+00 8.000000000000000444e-01 5.881185682328453623e-01 4.000001448332642928e-01 4.311420303104885332e-01 3.526320375225764359e-01 1.825634021890915060e-02 4.701908694746061157e-02 3.898060349442118433e-01
1.399999999999999911e+00 8.249999999999999556e-01 5.553228343047418303e-01 3.500001655237223730e-01 4.311420303104885332e-01 3.469965479854761892e-01 2.410404804230276143e-02 4.676645166982637547e-02 4.110819963023422119e-01
1.399999999999999911e+00 8.500000000000000888e-01 5.252460854687563963e-01 3.000001931109946840e-01 4.311420303104903096e-01 3.414795531887819813e-01 2.776469502323586358e-02 4.650818080821939038e-02 4.347936333502747663e-01
1.399999999999999911e+00 8.750000000000000000e-01 4.983808285841783148e-01 2.500002317331584401e-01 4.311420303111285213e-01 3.360780907669099760e-01 2.704932617712785259e-02 4.624444526608249839e-02 4.610645737187164528e-01
1.399999999999999911e+00 9.000000000000000222e-01 4.752719750840061486e-01 2.000002896663693464e-01 4.311420304286365246e-01 3.307892851935236855e-01 2.762945051237908345e-02 4.597541784095027229e-02 4.899040181729120147e-01
1.399999999999999911e+00 9.250000000000000444e-01 4.564903616728964719e-01 1.500003862216161832e-01 4.311420466689372955e-01 2.666138428429248863e-01 2.949580643369059674e-02 4.570127299805961524e-02 5.211479203093382084e-01
1.399999999999999911e+00 9.499999999999999556e-01 4.425872233811683487e-01 1.000005793314909935e-01 4.311435770197752371e-01 1.809358558312956222e-01 2.972285882609082552e-02 4.542218664473073042e-02 5.544069907548678788e-01
1.399999999999999911e+00 9.750000000000000888e-01 4.340316236177407805e-01 5.000115865291523271e-02 4.312174599628522120e-01 9.148613745227671123e-02 2.596794316389422486e-02 4.513833590598230472e-02 5.890464329715301428e-01
1.399999999999999911e+00 1.000000000000000000e+00 4.311420303104908647e-01 3.403918831982121569e-04 4.322737498102631193e-01 3.673468078599506668e-10 2.068500955725516288e-02 4.484989890183069261e-02 6.242229361906308505e-01
1.399999999999999911e+00 1.024999999999999911e+00 4.340316236177407805e-01 5.000115865291646089e-02 4.366668940307826263e-01 9.148613745227669736e-02 1.397310294754910975e-02 4.455705452670730149e-02 6.589866592148139190e-01
1.399999999999999911e+00 1.050000000000000044e+00 4.425872233811683487e-01 1.000005793314921870e-01 4.458653057097907713e-01 1.809358558312956222e-01 5.950990036335590538e-03 4.425998223143116916e-02 6.924235822161418641e-01
1.399999999999999911e+00 1.075000000000000178e+00 4.564903616728964719e-01 1.500003862216157391e-01 4.600709173202088831e-01 2.666138428429248863e-01 3.249186269289328077e-03 4.395886180814374822e-02 7.237887658309563044e-01
1.399999999999999911e+00 1.100000000000000089e+00 4.752719750840060930e-01 2.000002896663697349e-01 4.789849310365537072e-01 2.922156086723688428e-01 1.348816029627691870e-02 4.365387317860858207e-02 7.480775118718799854e-01
1.399999999999999911e+00 1.125000000000000000e+00 4.983808285841783148e-01 2.500002317331613266e-01 5.021281141585229868e-01 2.878241360505625623e-01 2.462519798786699798e-02 4.334519618626592186e-02 7.687914973120650863e-01
1.399999999999999911e+00 1.149999999999999911e+00 5.252460854687561742e-01 3.000001931109909092e-01 5.289678994816017221e-01 2.835206938495909434e-01 2.882497013684831577e-02 4.303301039240059467e-02 7.875359400971730928e-01
1.399999999999999911e+00 1.175000000000000044e+00 5.553228343047418303e-01 3.500001655237235942e-01 5.589827183002785693e-01 2.793031782648751071e-01 1.407060923456165957e-02 4.271749487678337676e-02 8.005159652145956706e-01
1.399999999999999911e+00 1.200000000000000178e+00 5.881185682328453623e-01 4.000001448332615173e-01 5.916951991107635145e-01 2.751695424291982217e-01 1.282665200598220867e-03 4.239882804311620457e-02 8.128133118805627166e-01
1.399999999999999911e+00 1.225000000000000089e+00 6.232041802653860429e-01 4.500001287406846795e-01 6.266862100410208747e-01 2.711177946367654967e-01 1.707495673687098314e-02 4.207718742958829750e-02 8.243014469493996632e-01
1.399999999999999911e+00 1.250000000000000000e+00 6.602147001546179172e-01 5.000001158666194101e-01 6.635973134468724499e-01 2.671459966413144427e-01 2.772318633554277101e-02 4.175274952484634566e-02 8.350860907807189371e-01
1.399999999999999911e+00 1.274999999999999911e+00 6.988443677244969843e-01 5.500001053332965739e-01 7.021269469451338896e-01 2.632522620232851662e-01 8.260405776789492283e-03 4.142568958964264192e-02 8.438701604839216053e-01
1.399999999999999911e+00 1.300000000000000044e+00 7.388392587703040970e-01 6.000000965555216670e-01 7.420238044142644096e-01 2.594347546215715616e-01 1.114170169410200195e-02 4.109618148441910451e-02 8.516885778512418570e-01
1.399999999999999911e+00 1.325000000000000178e+00 7.799893911459634399e-01 6.500000891281745297e-01 7.830794633228237434e-01 2.556916870258044150e-01 2.254577697439591466e-02 4.076439750305056731e-02 8.591296741875058540e-01
1.399999999999999911e+00 1.350000000000000089e+00 8.221213111823901798e-01 7.000000827618744204e-01 8.251213294041586099e-01 2.520213191254841445e-01 1.193658205571601627e-04 4.043050821296204772e-02 8.660565193316851484e-01
1.399999999999999911e+00 1.375000000000000000e+00 8.650915849204935393e-01 7.500000772444184172e-01 8.680063718905131065e-01 2.484219567126234318e-01 2.173282466312798089e-02 4.009468230179807219e-02 8.723106204109594142e-01
1.399999999999999911e+00 1.399999999999999911e+00 9.087812994886347306e-01 8.000000724166409505e-01 9.116157894968794917e-01 2.448919501348758576e-01 2.502428182178439986e-03 3.975708643081445059e-02 8.782689296177054183e-01
1.399999999999999911e+00 1.425000000000000044e+00 9.530915225203987484e-01 8.500000681568367078e-01 9.558505798937582121e-01 2.414296929963816174e-01 5.078408750151197637e-03 3.941788509512646893e-02 8.835352954852430107e-01
1.399999999999999911e+00 1.450000000000000178e+00 9.979396025312610163e-01 9.000000643703492953e-01 1.000627913024493942e+00 2.380336209037944850e-01 9.199652461742147125e-04 3.907724049093597163e-02 8.885356166206531681e-01
1.399999999999999911e+00 1.475000000000000089e+00 1.043256176737167751e+00 9.500000609824359454e-01 1.045878186807871035e+00 2.347022102551904466e-01 2.024699828442994010e-02 3.873531238983296543e-02 8.933130420482546796e-01
1.399999999999999911e+00 1.500000000000000000e+00 1.088982759413688939e+00 1.000000057933310815e+00 1.091542646565729413e+00 2.314339770697307619e-01 4.495882179589560934e-02 3.839225802024236883e-02 8.976868227478895790e-01
