1.250000000000000000e+00 5.000000000000000000e-01 1.035886772761179353e+00 1.000007939166104753e+00 2.702987347021260645e-01 3.976148091534317253e-01 1.349759646852297101e-01 4.955249468828354376e-02 1.650921975620681104e-01
1.250000000000000000e+00 5.250000000000000222e-01 9.877051209655500763e-01 9.500083570133683875e-01 2.702987347021268971e-01 3.908555943863644133e-01 1.139727692783828461e-01 4.937982090363860627e-02 1.693078404305501383e-01
1.250000000000000000e+00 5.500000000000000444e-01 9.397134701501153042e-01 9.000088212874612914e-01 2.702987347021259534e-01 3.842439073009549788e-01 9.190661349503503885e-02 4.919968982080204917e-02 1.740077647784556980e-01
1.250000000000000000e+00 5.749999999999999556e-01 8.919424902882316930e-01 8.500093401811785743e-01 2.702987347021277298e-01 3.777760085870373041e-01 6.864097198685448209e-02 4.901223232328682372e-02 1.792615845559973331e-01
1.250000000000000000e+00 5.999999999999999778e-01 8.444296335287932997e-01 8.000099239354736547e-01 2.702987347021273412e-01 3.714482712731353997e-01 4.401050586148430588e-02 4.881758379232364886e-02 1.851534881992963344e-01
1.250000000000000000e+00 6.250000000000000000e-01 7.972210521439908604e-01 7.500105855221278484e-01 2.702987347021267306e-01 3.652571755956103283e-01 1.781338720107722429e-02 4.861588390837298657e-02 1.917859921078014507e-01
1.250000000000000000e+00 6.500000000000000222e-01 7.503741773152723393e-01 7.000113416190095750e-01 2.702987347021275077e-01 3.591993043091030735e-01 5.989712063798058317e-03 4.840727644771322669e-02 1.992848329168317445e-01
1.250000000000000000e+00 6.750000000000000444e-01 7.039612247713449289e-01 6.500122140354331890e-01 2.702987347021288955e-01 3.532713383847458921e-01 1.143720905445733127e-03 4.819190907456026574e-02 2.078053688790983400e-01
1.250000000000000000e+00 6.999999999999999556e-01 6.580740125408173213e-01 6.000132318501393280e-01 2.702987347021266196e-01 3.474700530496449558e-01 7.994539538140221779e-03 4.796993312918131080e-02 2.175409654772970658e-01
1.250000000000000000e+00 7.249999999999999778e-01 6.128306503281082396e-01 5.500144347153461677e-01 2.702987347021277298e-01 3.417923141272880549e-01 1.240044136523843488e-02 4.774150341248088042e-02 2.287339407442307015e-01
1.250000000000000000e+00 7.500000000000000000e-01 5.683849100579396740e-01 5.000158781431267574e-01 2.702987347021255093e-01 3.362350746437718918e-01 1.089983400647998035e-02 4.750677796752048043e-02 2.416896807675434355e-01
1.250000000000000000e+00 7.750000000000000222e-01 5.249394307742294430e-01 4.500176423155503591e-01 2.702987347021237330e-01 3.307953716693415869e-01 3.693656170204284717e-03 4.726591785847000099e-02 2.567943457895074943e-01
1.250000000000000000e+00 8.000000000000000444e-01 4.827643379347444363e-01 4.000198475016509825e-01 2.702987347021278408e-01 3.254703233687022967e-01 1.726991252615089900e-02 4.701908694746102790e-02 2.745357871770650049e-01
1.250000000000000000e+00 8.249999999999999556e-01 4.422232535513845875e-01 3.500226826867752772e-01 2.702987347021235109e-01 3.202571262369899863e-01 2.611075337642582150e-02 4.676645166982640323e-02 2.955250185911679206e-01
1.250000000000000000e+00 8.500000000000000888e-01 4.038086254422659227e-01 3.000264628249360577e-01 2.702987347021300057e-01 3.151530525012958828e-01 1.961643685330494158e-02 4.650818080821917527e-02 3.205100448192808038e-01
1.250000000000000000e+00 8.750000000000000000e-01 3.681866455774463476e-01 2.500317547737544444e-01 2.702987347031520216e-01 3.101554476701864349e-01 1.474693602592336283e-02 4.624444526608252615e-02 3.503619319453734060e-01
1.250000000000000000e+00 9.000000000000000222e-01 3.362460497635208490e-01 2.000396920494708908e-01 2.702987348905715459e-01 3.052617282159671985e-01 1.162590869619128942e-02 4.597541784095061923e-02 3.859913282574100046e-01
1.250000000000000000e+00 9.250000000000000444e-01 3.091300793866104124e-01 1.500529186495369594e-01 2.702987607947937576e-01 3.004693793763363319e-01 1.033649177801060359e-02 4.570127299805944177e-02 4.281263338534632146e-01
1.250000000000000000e+00 9.499999999999999556e-01 2.882037577506098014e-01 1.000793604857942304e-01 2.703012017855768168e-01 2.636191528569895026e-01 1.091394692006136813e-02 4.542218664473069573e-02 4.768851015189534137e-01
1.250000000000000000e+00 9.750000000000000888e-01 2.748843501939899348e-01 5.015853262652600342e-02 2.704190330914911788e-01 1.356784256499320440e-01 1.334241545000319773e-02 4.513833590598215206e-02 5.312024624821958252e-01
1.250000000000000000e+00 1.000000000000000000e+00 2.702987347021293951e-01 3.984770413239911366e-03 2.721002580968007734e-01 5.482975178333252630e-10 1.755638705693562951e-02 4.484989890183073424e-02 5.884809295022358500e-01
1.250000000000000000e+00 1.024999999999999911e+00 2.748843501939900458e-01 5.015853262652122946e-02 2.790267586161073732e-01 1.356784256499312946e-01 2.344660642610679746e-02 4.455705452670725986e-02 6.450283723155544324e-01
1.250000000000000000e+00 1.050000000000000044e+00 2.882037577506098014e-01 1.000793604857952157e-01 2.932129371583152011e-01 2.636191528569897802e-01 3.086934654253953303e-02 4.425998223143144672e-02 6.931786024383563838e-01
1.250000000000000000e+00 1.075000000000000178e+00 3.091300793866104124e-01 1.500529186495392908e-01 3.143933915418403724e-01 2.737113996473493072e-01 3.050327852502637827e-02 4.395886180814354005e-02 7.233104292937740931e-01
1.250000000000000000e+00 1.100000000000000089e+00 3.362460497635210155e-01 2.000396920494673103e-01 3.414740397766896640e-01 2.695635918929594199e-01 1.836163231729892598e-02 4.365387317860890126e-02 7.494143432417699202e-01
1.250000000000000000e+00 1.125000000000000000e+00 3.681866455774463476e-01 2.500317547737618273e-01 3.732433505231159132e-01 2.654992798133656851e-01 4.884408231733861072e-03 4.334519618626568593e-02 7.714739673715733659e-01
1.250000000000000000e+00 1.149999999999999911e+00 4.038086254422656451e-01 3.000264628249418863e-01 4.086379746955690617e-01 2.615164835569099289e-01 9.633730695258024834e-03 4.303301039240030323e-02 7.861341625320777959e-01
1.250000000000000000e+00 1.175000000000000044e+00 4.422232535513845875e-01 3.500226826867715579e-01 4.468105135733652089e-01 2.576132746579635757e-01 2.492757527079086932e-02 4.271749487678339063e-02 8.000163288547568197e-01
1.250000000000000000e+00 1.200000000000000178e+00 4.827643379347444363e-01 4.000198475016503163e-01 4.871151448395436567e-01 2.537877746296861581e-01 2.232975574534101781e-02 4.239882804311598252e-02 8.129410161525945089e-01
1.250000000000000000e+00 1.225000000000000089e+00 5.249394307742294430e-01 4.500176423155497485e-01 5.290685792379815622e-01 2.500381536015136019e-01 1.921404939520643396e-03 4.207718742958854730e-02 8.250148785303604848e-01
1.250000000000000000e+00 1.250000000000000000e+00 5.683849100579396740e-01 5.000158781431285338e-01 5.723105364181471089e-01 2.463626289988677942e-01 1.841442179518587574e-02 4.175274952484640811e-02 8.351079129216186780e-01
1.250000000000000000e+00 1.274999999999999911e+00 6.128306503281081286e-01 5.500144347153478330e-01 6.165713302674826757e-01 2.427594642628859711e-01 1.305008537336060925e-02 4.142568958964236436e-02 8.435628022192271924e-01
1.250000000000000000e+00 1.300000000000000044e+00 6.580740125408173213e-01 6.000132318501356643e-01 6.616474000544011469e-01 2.392269676081559826e-01 1.110568718071885952e-02 4.109618148441927798e-02 8.516090587766754760e-01
1.250000000000000000e+00 1.325000000000000178e+00 7.039612247713449289e-01 6.500122140354285261e-01 7.073834897417976553e-01 2.357634908166963139e-01 3.639657432942922100e-03 4.076439750305046322e-02 8.592503673475984094e-01
1.250000000000000000e+00 1.350000000000000089e+00 7.503741773152725614e-01 7.000113416190103521e-01 7.536598462960675260e-01 2.323674280665540826e-01 1.553241337338528982e-03 4.043050821296226283e-02 8.659966099557263597e-01
1.250000000000000000e+00 1.375000000000000000e+00 7.972210521439908604e-01 7.500105855221292916e-01 8.003830441256583050e-01 2.290372147935869629e-01 1.781338720107689122e-02 4.009468230179791259e-02 8.723677360868383746e-01
1.250000000000000000e+00 1.399999999999999911e+00 8.444296335287928557e-01 8.000099239354745428e-01 8.474793822514710140e-01 2.257713265850808393e-01 4.401050586148447241e-02 3.975708643081421467e-02 8.782157643739563202e-01
1.250000000000000000e+00 1.425000000000000044e+00 8.919424902882316930e-01 8.500093401811767979e-01 8.948900975899550803e-01 2.225682781040275726e-01 6.864097198685481516e-02 3.941788509512664240e-02 8.835175687990306503e-01
1.250000000000000000e+00 1.450000000000000178e+00 9.397134701501153042e-01 9.000088212874610694e-01 9.425678628115161661e-01 2.194266220429275105e-01 9.190661349503503885e-02 3.907724049093615204e-02 8.885831442742956332e-01
1.250000000000000000e+00 1.475000000000000089e+00 9.877051209655501873e-01 9.500083570133699418e-01 9.904741982110577547e-01 2.163449481061229529e-01 1.139727692783827906e-01 3.873531238983302094e-02 8.934184467684652686e-01
1.250000000000000000e+00 1.500000000000000000e+00 1.035886772761179353e+00 1.000007939166110305e+00 1.038577539210739920e+00 2.133218820197076149e-01 1.349759646852295436e-01 3.700355393506282731e-02 8.976386095239174967e-01
