1.500000000000000000e+00 5.000000000000000000e-01 1.135735401145582468e+00 1.000000001737655797e+00 5.384188902846103186e-01 4.522286566297188948e-01 1.698945140179153324e-03 4.955249468828354376e-02 3.117699903799549532e-01
1.500000000000000000e+00 5.250000000000000222e-01 1.091968360995553944e+00 9.500000018291090420e-01 5.384188902846136493e-01 4.445413116203943416e-01 9.702468260883168050e-04 4.937982090363868259e-02 3.183430896455018977e-01
1.500000000000000000e+00 5.500000000000000444e-01 1.048758743188973774e+00 9.000000019307197174e-01 5.384188902846145375e-01 4.370257059697821855e-01 3.255987717016073368e-03 4.919968982080220182e-02 3.255448586484857021e-01
1.500000000000000000e+00 5.749999999999999556e-01 1.006178364613012910e+00 8.500000020442883830e-01 5.384188902846127611e-01 4.296770730001470140e-01 1.785719431775023569e-03 4.901223232328680984e-02 3.334370698673307376e-01
1.500000000000000000e+00 5.999999999999999778e-01 9.643105834819594158e-01 8.000000021720643506e-01 5.384188902846153146e-01 4.224908244785496869e-01 1.418395770685365598e-02 4.881758379232343376e-02 3.420889418638118351e-01
1.500000000000000000e+00 6.250000000000000000e-01 9.232523498022179309e-01 7.500000023168684748e-01 5.384188902846126501e-01 4.154625402082132712e-01 6.840495763049680988e-06 4.861588390837337514e-02 3.515776380619666797e-01
1.500000000000000000e+00 6.500000000000000222e-01 8.831165842714749914e-01 7.000000024823612721e-01 5.384188902846105407e-01 4.085879585182818907e-01 1.366587045154393776e-02 4.840727644771369853e-02 3.619885457218054436e-01
1.500000000000000000e+00 6.750000000000000444e-01 8.440348934820864901e-01 6.500000026733172565e-01 5.384188902846134273e-01 4.018629675577448657e-01 1.267222350250324370e-02 4.819190907456040451e-02 3.734151602706109463e-01
1.500000000000000000e+00 6.999999999999999556e-01 8.061605928196421411e-01 6.000000028960905674e-01 5.384188902846114289e-01 3.952835973099864120e-01 3.550383724083505665e-03 4.796993312918151897e-02 3.859583175734330740e-01
1.500000000000000000e+00 7.249999999999999778e-01 7.696719440224629727e-01 5.500000031593755834e-01 5.384188902846120950e-01 3.888460122538915931e-01 4.629567095350228811e-03 4.774150341248047796e-02 3.997244099293114639e-01
1.500000000000000000e+00 7.500000000000000000e-01 7.347754088259330629e-01 5.000000034753118161e-01 5.384188902846092084e-01 3.825465046057056062e-01 1.176674341502464971e-02 4.750677796751998083e-02 4.148220957864036662e-01
1.500000000000000000e+00 7.750000000000000222e-01 7.017085587445242023e-01 4.500000038614564435e-01 5.384188902846153146e-01 3.763814880832044851e-01 1.776694517181559574e-02 4.726591785847007732e-02 4.313568892208029526e-01
1.500000000000000000e+00 8.000000000000000444e-01 6.707420528156240458e-01 4.000000043441380715e-01 5.384188902846138713e-01 3.703474921401859743e-01 2.254627541436449167e-02 4.701908694746047279e-02 4.494229428894744305e-01
1.500000000000000000e+00 8.249999999999999556e-01 6.421798045838233993e-01 3.500000049647272182e-01 5.384188902846143154e-01 3.644411566250529422e-01 2.603468986159007681e-02 4.676645166982637547e-02 4.690914121671702630e-01
1.500000000000000000e+00 8.500000000000000888e-01 6.163561481930048824e-01 3.000000057921849983e-01 5.384188902846136493e-01 3.586592268222723590e-01 2.611976251031905560e-02 4.650818080821950140e-02 4.903951569350641360e-01
1.500000000000000000e+00 8.750000000000000000e-01 5.936285887786380000e-01 2.500000069506215783e-01 5.384188902851283487e-01 3.529985488400228522e-01 2.693803857190890660e-02 4.624444526608216532e-02 5.133103798995072298e-01
1.500000000000000000e+00 9.000000000000000222e-01 5.743647807929359583e-01 2.000000086882765260e-01 5.384188903792188619e-01 2.961167275949510014e-01 2.832424400379585094e-02 4.597541784094988371e-02 5.377372305395495822e-01
1.500000000000000000e+00 9.250000000000000444e-01 5.589229834380737838e-01 1.500000115843689863e-01 5.384189033837383231e-01 2.255036354589242120e-01 2.632250682796116736e-02 4.570127299805941401e-02 5.634832750840945703e-01
1.500000000000000000e+00 9.499999999999999556e-01 5.476266076582814168e-01 1.000000173765559358e-01 5.384201288217900228e-01 1.520580404166608501e-01 2.297241655033005481e-02 4.542218664473057776e-02 5.902553986121610308e-01
1.500000000000000000e+00 9.750000000000000888e-01 5.407355189141151985e-01 5.000003475310101780e-02 5.384792929090975733e-01 7.656655722493146965e-02 1.832502253679968440e-02 4.513833590598255452e-02 6.176659747841963810e-01
1.500000000000000000e+00 1.000000000000000000e+00 5.384188902846160918e-01 5.895177948570720758e-05 5.393255472255074068e-01 3.069984685809113608e-10 1.244872762606080707e-02 4.484989890183048444e-02 6.452567856868731688e-01
1.500000000000000000e+00 1.024999999999999911e+00 5.407355189141151985e-01 5.000003475310663137e-02 5.428530440713730254e-01 7.656655722493083127e-02 5.426143164891428228e-03 4.455705452670729455e-02 6.725390497642000920e-01
1.500000000000000000e+00 1.050000000000000044e+00 5.476266076582814168e-01 1.000000173765527023e-01 5.502793126683475089e-01 1.520580404166609334e-01 2.649437410021882044e-03 4.425998223143150223e-02 6.990418669922580097e-01
1.500000000000000000e+00 1.075000000000000178e+00 5.589229834380737838e-01 1.500000115843758974e-01 5.618511369383594189e-01 2.255036354589241565e-01 1.167766185023311198e-02 4.395886180814360250e-02 7.243576721871834989e-01
1.500000000000000000e+00 1.100000000000000089e+00 5.743647807929360694e-01 2.000000086882780526e-01 5.774409192940499480e-01 2.961167275949511124e-01 2.155458388092346134e-02 4.365387317860880412e-02 7.481742791145505889e-01
1.500000000000000000e+00 1.125000000000000000e+00 5.936285887786380000e-01 2.500000069506227440e-01 5.967780945573187834e-01 3.024310170829758171e-01 3.154602082844260025e-02 4.334519618626590798e-02 7.683089235889229984e-01
1.500000000000000000e+00 1.149999999999999911e+00 6.163561481930046604e-01 3.000000057921841101e-01 6.195308626671021113e-01 2.979209838662723042e-01 1.878417940541599052e-02 4.303301039240069181e-02 7.856672585014717880e-01
1.500000000000000000e+00 1.175000000000000044e+00 6.421798045838233993e-01 3.500000049647299938e-01 6.453472944651119647e-01 2.935008947949331315e-01 5.339540574908374637e-03 4.271749487678369595e-02 8.013802762754083098e-01
1.500000000000000000e+00 1.200000000000000178e+00 6.707420528156240458e-01 4.000000043441382935e-01 6.738803007699483150e-01 2.891685975287698884e-01 8.657076598939383860e-03 4.239882804311564946e-02 8.130703103870249304e-01
1.500000000000000000e+00 1.225000000000000089e+00 7.017085587445242023e-01 4.500000038614545561e-01 7.048028497180185425e-01 2.849219989725629842e-01 2.308611097675233870e-02 4.207718742958824892e-02 8.241460445088301112e-01
1.500000000000000000e+00 1.250000000000000000e+00 7.347754088259330629e-01 5.000000034753093736e-01 7.378162681379231147e-01 2.807590633384544621e-01 2.238396732208092210e-02 4.175274952484619995e-02 8.344443292457758288e-01
1.500000000000000000e+00 1.274999999999999911e+00 7.696719440224628617e-01 5.500000031593721417e-01 7.726536745150158758e-01 2.766778102948536100e-01 4.919214204248179012e-03 4.142568958964291947e-02 8.441510457563756731e-01
1.500000000000000000e+00 1.300000000000000044e+00 8.061605928196421411e-01 6.000000028960938980e-01 8.090802045733730408e-01 2.726763131959358821e-01 1.264388046940240207e-02 4.109618148441927798e-02 8.518548636190705903e-01
1.500000000000000000e+00 1.325000000000000178e+00 8.440348934820864901e-01 6.500000026733160352e-01 8.468913135656958024e-01 2.687526973863667012e-01 2.536821663176180852e-02 4.076439750305037302e-02 8.591296487113120328e-01
1.500000000000000000e+00 1.350000000000000089e+00 8.831165842714753245e-01 7.000000024823647138e-01 8.859100740779244365e-01 2.649051385763799837e-01 4.967515972778502320e-03 4.043050821296206854e-02 8.660527598773016811e-01
1.500000000000000000e+00 1.375000000000000000e+00 9.232523498022179309e-01 7.500000023168720276e-01 9.259840780259660509e-01 2.611318612827788765e-01 1.513772833532650575e-02 4.009468230179798892e-02 8.723202626818723493e-01
1.500000000000000000e+00 1.399999999999999911e+00 9.643105834819591937e-01 8.000000021720707899e-01 9.669823156475434445e-01 2.574311373318267093e-01 1.184267985911285903e-02 3.975708643081461713e-02 8.781619513714220560e-01
1.500000000000000000e+00 1.425000000000000044e+00 1.006178364613012910e+00 8.500000020443025939e-01 1.008792239362647392e+00 2.538012844203310636e-01 1.033718657001891916e-02 3.941788509512625382e-02 8.835738146625410350e-01
1.500000000000000000e+00 1.450000000000000178e+00 1.048758743188973774e+00 9.000000019307254906e-01 1.051317112691891653e+00 2.502406647315634225e-01 5.761479115128087525e-03 3.907724049093604102e-02 8.885190971158939410e-01
1.500000000000000000e+00 1.475000000000000089e+00 1.091968360995554610e+00 9.500000018291094861e-01 1.094473678420631479e+00 2.467476836029323661e-01 1.088560278010536342e-02 3.873531238983327074e-02 8.932475318390832308e-01
1.500000000000000000e+00 1.500000000000000000e+00 1.135735401145582468e+00 1.000000001737652910e+00 1.138190142457219611e+00 2.433207882425649504e-01 3.678184095388004060e-03 3.839225802024236883e-02 8.977331208941196072e-01
