1.449999999999999956e+00 5.000000000000000000e-01 1.111309812953851228e+00 1.000000010227432012e+00 4.847777845235072824e-01 4.415295093048491326e-01 1.704577178572591611e-02 4.955249468828337722e-02 2.843119026073263056e-01
1.449999999999999956e+00 5.250000000000000222e-01 1.066540904216769503e+00 9.500000107657147197e-01 4.847777845235068384e-01 4.340211474061989039e-01 3.862531613380570938e-04 4.937982090363844667e-02 2.905855354653210099e-01
1.449999999999999956e+00 5.500000000000000444e-01 1.022257061784130672e+00 9.000000113638098043e-01 4.847777845235083927e-01 4.266799428517575876e-01 3.738554504981894677e-03 4.919968982080204223e-02 2.974850098708608503e-01
1.449999999999999956e+00 5.749999999999999556e-01 9.785241439880386638e-01 8.500000120322719344e-01 4.847777845235053396e-01 4.195013181999134311e-01 3.581693255151618960e-03 4.901223232328678209e-02 3.050778894488017645e-01
1.449999999999999956e+00 5.999999999999999778e-01 9.354194248397467160e-01 8.000000127842891162e-01 4.847777845235086147e-01 4.124808628029708046e-01 1.123841260501273753e-02 4.881758379232317008e-02 3.134412053143837973e-01
1.449999999999999956e+00 6.250000000000000000e-01 8.930338741433743177e-01 7.500000136365732040e-01 4.847777845235092808e-01 4.056143232676284738e-01 5.568481031187455521e-03 4.861588390837300044e-02 3.226625601408588673e-01
1.449999999999999956e+00 6.500000000000000222e-01 8.514748970859469246e-01 7.000000146106131194e-01 4.847777845235042848e-01 3.988975947461669280e-01 1.323589260809132639e-02 4.840727644771361526e-02 3.328411608162270552e-01
1.449999999999999956e+00 6.750000000000000444e-01 8.108695951677582503e-01 6.500000157345053875e-01 4.847777845235089478e-01 3.923267129690873323e-01 6.043437020544772942e-04 4.819190907456024492e-02 3.440886151453477204e-01
1.449999999999999956e+00 6.999999999999999556e-01 7.713685891760984070e-01 6.000000170457170379e-01 4.847777845235088368e-01 3.858978469404272249e-01 1.128809889918241938e-02 4.796993312918168550e-02 3.565292206580208956e-01
1.449999999999999956e+00 7.249999999999999778e-01 7.331503940990036217e-01 5.500000185953285436e-01 4.847777845235107241e-01 3.796072922260375626e-01 2.198541543215060123e-02 4.774150341248056817e-02 3.702993160222780022e-01
1.449999999999999956e+00 7.500000000000000000e-01 6.964262346921777924e-01 5.000000204548585847e-01 4.847777845235095029e-01 3.734514647731890236e-01 1.507491417513939780e-02 4.750677796752025839e-02 3.855450472890885050e-01
1.449999999999999956e+00 7.750000000000000222e-01 6.614450093299698574e-01 4.500000227276237386e-01 4.847777845235090588e-01 3.674268952068678873e-01 9.264292814914698582e-03 4.726591785847005650e-02 4.024176248299899394e-01
1.449999999999999956e+00 8.000000000000000444e-01 6.284978125399675042e-01 4.000000255685774442e-01 4.847777845235117233e-01 3.615302235543818021e-01 4.635273003148698834e-03 4.701908694746058381e-02 4.210648507612688163e-01
1.449999999999999956e+00 8.249999999999999556e-01 5.979209817087240975e-01 3.500000292212318009e-01 4.847777845235087257e-01 3.557581943553239645e-01 1.256156495031079956e-03 4.676645166982627833e-02 4.416174947340985590e-01
1.449999999999999956e+00 8.500000000000000888e-01 5.700960448622006682e-01 3.000000340914311114e-01 4.847777845235101690e-01 3.501076521187770352e-01 8.213381768510386038e-04 4.650818080821930711e-02 4.641692310558371282e-01
1.449999999999999956e+00 8.750000000000000000e-01 5.454443146348895155e-01 2.500000409097190568e-01 4.847777845240815453e-01 3.445755370938997642e-01 1.564614479901305089e-03 4.624444526608231798e-02 4.887497287111980393e-01
1.449999999999999956e+00 9.000000000000000222e-01 5.244134822518621286e-01 2.000000511371493594e-01 4.847777846285836745e-01 3.192844842487750356e-01 9.618594040634587117e-04 4.597541784095032780e-02 5.152926001224722441e-01
1.449999999999999956e+00 9.250000000000000444e-01 5.074539391585450865e-01 1.500000681828616012e-01 4.847777990720638641e-01 2.439826207709568651e-01 9.773411987969438108e-04 4.570127299805960136e-02 5.436034931241556789e-01
1.449999999999999956e+00 9.499999999999999556e-01 4.949843435579800999e-01 1.000001022742630918e-01 4.847791601055875255e-01 1.649620786055981392e-01 4.222502642751535529e-03 4.542218664473046674e-02 5.733379149701262056e-01
1.449999999999999956e+00 9.750000000000000888e-01 4.873494643143914673e-01 5.000020454821312715e-02 4.848448698749752150e-01 8.320759820482735714e-02 8.723799695205924909e-03 4.513833590598215206e-02 6.040010184754067701e-01
1.449999999999999956e+00 1.000000000000000000e+00 4.847777845235117233e-01 1.430205002381980015e-04 4.857845662866395742e-01 3.338247201011667493e-10 1.441452456112768399e-02 4.484989890183053302e-02 6.349790113584197204e-01
1.449999999999999956e+00 1.024999999999999911e+00 4.873494643143914673e-01 5.000020454821241245e-02 4.896978930011454123e-01 8.320759820482719060e-02 2.121419798000323542e-02 4.455705452670710720e-02 6.656021224434076622e-01
1.449999999999999956e+00 1.050000000000000044e+00 4.949843435579800999e-01 1.000001022742589840e-01 4.979175844484249880e-01 1.649620786055981392e-01 2.903204900377776010e-02 4.425998223143112753e-02 6.952254331079567029e-01
1.449999999999999956e+00 1.075000000000000178e+00 5.074539391585450865e-01 1.500000681828616012e-01 5.106772944151041216e-01 2.439826207709568651e-01 2.628722644109776629e-02 4.395886180814377597e-02 7.233046396122302379e-01
1.449999999999999956e+00 1.100000000000000089e+00 5.244134822518623507e-01 2.000000511371484158e-01 5.277808392006687610e-01 2.996535824246395752e-01 1.565297741836157996e-02 4.365387317860850575e-02 7.483633850369689755e-01
1.449999999999999956e+00 1.125000000000000000e+00 5.454443146348895155e-01 2.500000409097226095e-01 5.488703791385278752e-01 2.951559877487200945e-01 4.083244942438057912e-03 4.334519618626592879e-02 7.683392690185113505e-01
1.449999999999999956e+00 1.149999999999999911e+00 5.700960448622005572e-01 3.000000340914373842e-01 5.735268858120317059e-01 2.907485099111615234e-01 8.279103867074588674e-03 4.303301039240051140e-02 7.864971921080283757e-01
1.449999999999999956e+00 1.175000000000000044e+00 5.979209817087240975e-01 3.500000292212271935e-01 6.013216522175508505e-01 2.864289894097080125e-01 2.129804431296639100e-02 4.271749487678366125e-02 8.008874774971828092e-01
1.449999999999999956e+00 1.200000000000000178e+00 6.284978125399675042e-01 4.000000255685778328e-01 6.318459137463832143e-01 2.821953258857597957e-01 2.832934437985684673e-02 4.239882804311605191e-02 8.128875310076152383e-01
1.449999999999999956e+00 1.225000000000000089e+00 6.614450093299699684e-01 4.500000227276197418e-01 6.647267528261897596e-01 2.780454762183646178e-01 1.192711144077268637e-02 4.207718742958833219e-02 8.241689511653940148e-01
1.449999999999999956e+00 1.250000000000000000e+00 6.964262346921777924e-01 5.000000204548618044e-01 6.996337931240681485e-01 2.739774527020228945e-01 4.792487032073522446e-03 4.175274952484614444e-02 8.347214505252006367e-01
1.449999999999999956e+00 1.274999999999999911e+00 7.331503940990035106e-01 5.500000185953286547e-01 7.362800416239476675e-01 2.699893213025249539e-01 2.170499075058046623e-02 4.142568958964304437e-02 8.440299060394226283e-01
1.449999999999999956e+00 1.300000000000000044e+00 7.713685891760984070e-01 6.000000170457191473e-01 7.744193801711657388e-01 2.660791999855944279e-01 1.809025404882075305e-02 4.109618148441915308e-02 8.517576353748658180e-01
1.449999999999999956e+00 1.325000000000000178e+00 8.108695951677582503e-01 6.500000157345108276e-01 8.138424269754127582e-01 2.622452571135955868e-01 1.901775743936517937e-03 4.076439750305038690e-02 8.591185976561213078e-01
1.449999999999999956e+00 1.350000000000000089e+00 8.514748970859474797e-01 7.000000146106143406e-01 8.543718501360911821e-01 2.584857099060197672e-01 2.165822676330775298e-02 4.043050821296229058e-02 8.661122903799759465e-01
1.449999999999999956e+00 1.375000000000000000e+00 8.930338741433743177e-01 7.500000136365762016e-01 8.958577519393391420e-01 2.547988229598429077e-01 7.088234341874610767e-03 4.009468230179828729e-02 8.723055655590034041e-01
1.449999999999999956e+00 1.399999999999999911e+00 9.354194248397469380e-01 8.000000127842933351e-01 9.381734369120002803e-01 2.511829068261926534e-01 1.500138280075086206e-02 3.975708643081442978e-02 8.782101346970619948e-01
1.449999999999999956e+00 1.425000000000000044e+00 9.785241439880386638e-01 8.500000120322670494e-01 9.812116902842658028e-01 2.476363166401036042e-01 2.625682227014647374e-03 3.941788509512640648e-02 8.835511369659614367e-01
1.449999999999999956e+00 1.450000000000000178e+00 1.022257061784130672e+00 9.000000113638160215e-01 1.024881588473042004e+00 2.441574508003778177e-01 8.917697260407808635e-03 3.907724049093623531e-02 8.885250590140117977e-01
1.449999999999999956e+00 1.475000000000000089e+00 1.066540904216769503e+00 9.500000107657158299e-01 1.069105809406997842e+00 2.407447496968570522e-01 2.257991239912382486e-03 3.873531238983321523e-02 8.932790056167383419e-01
1.449999999999999956e+00 1.500000000000000000e+00 1.111309812953851228e+00 1.000000010227425129e+00 1.113818387053737036e+00 2.373966944826167158e-01 1.704577178572591611e-02 3.839225802024238965e-02 8.977083788892425975e-01
