1.149999999999999911e+00 5.000000000000000000e-01 1.013234160829436181e+00 1.000144500863412222e+00 1.632282594152438537e-01 3.750340285892763692e-01 1.992968321832230827e-01 4.955249468828367559e-02 1.009577072998655289e-01
1.149999999999999911e+00 5.250000000000000222e-01 9.639208809190361604e-01 9.501521049849386280e-01 1.632282594152458799e-01 3.686667562976891910e-01 1.813629440083205924e-01 4.937982090363868259e-02 1.036558973565021580e-01
1.149999999999999911e+00 5.500000000000000444e-01 9.146821659307300401e-01 9.001605537943309088e-01 1.632282594152472122e-01 3.624366144442075499e-01 1.626640230054304248e-01 4.919968982080183406e-02 1.066786207725862745e-01
1.149999999999999911e+00 5.749999999999999556e-01 8.655307416098702022e-01 8.501699962991582371e-01 1.632282594152452693e-01 3.563403136975069607e-01 1.431039355131047408e-01 4.901223232328668494e-02 1.100767102811696097e-01
1.149999999999999911e+00 5.999999999999999778e-01 8.164823725419501077e-01 8.001806187401190318e-01 1.632282594152451027e-01 3.503746468098736244e-01 1.225639272405316116e-01 4.881758379232360723e-02 1.139128836894912622e-01
1.149999999999999911e+00 6.250000000000000000e-01 7.675568152728055038e-01 7.501926569937338307e-01 1.632282594152469346e-01 3.445364860858681211e-01 1.008956201921268891e-01 4.861588390837328494e-02 1.182653333079726754e-01
1.149999999999999911e+00 6.500000000000000222e-01 7.187791487457962925e-01 7.002064142860495721e-01 1.632282594152450472e-01 3.388227810429015330e-01 7.791131366699843852e-02 4.840727644771351118e-02 1.232326815510622620e-01
1.149999999999999911e+00 6.750000000000000444e-01 6.701816654249291849e-01 6.502222870736762417e-01 1.632282594152466570e-01 3.332305562357436024e-01 5.337032677083453081e-02 4.819190907456027961e-02 1.289409338130920180e-01
1.149999999999999911e+00 6.999999999999999556e-01 6.218066135638409264e-01 6.002408038506867882e-01 1.632282594152469346e-01 3.277569092211722324e-01 2.695941851844635417e-02 4.796993312918172714e-02 1.355534040993290890e-01
1.149999999999999911e+00 7.249999999999999778e-01 5.737102619543525961e-01 5.502626850944183357e-01 1.632282594152452138e-01 3.223990086427069857e-01 1.735828962212138116e-03 4.774150341248058205e-02 1.432851483777160539e-01
1.149999999999999911e+00 7.500000000000000000e-01 5.259690719726130004e-01 5.002889391215039616e-01 1.632282594152416333e-01 3.171540924184471644e-01 4.591601002990108871e-03 4.750677796752016124e-02 1.524243619357089075e-01
1.149999999999999911e+00 7.750000000000000222e-01 4.786893195714019278e-01 4.503210217248583280e-01 1.632282594152449084e-01 3.120194660177075807e-01 3.535066809146170108e-03 4.726591785847016058e-02 1.633647250279771646e-01
1.149999999999999911e+00 8.000000000000000444e-01 4.320225279678499564e-01 4.003611152538690821e-01 1.632282594152475452e-01 3.069925008144103185e-01 1.847143748815982534e-02 4.701908694746094464e-02 1.766551968753979907e-01
1.149999999999999911e+00 8.249999999999999556e-01 3.861909691742309580e-01 3.504126461863522612e-01 1.632282594152419941e-01 3.020706325071138565e-01 1.254188984596177336e-02 4.676645166982623669e-02 1.930777299022147231e-01
1.149999999999999911e+00 8.500000000000000888e-01 3.415310596003411359e-01 3.004813182334646893e-01 1.632282594152517918e-01 2.972513595972063882e-01 1.118006227320722523e-03 4.650818080821936956e-02 2.137688056991149943e-01
1.149999999999999911e+00 8.750000000000000000e-01 2.985690283196362760e-01 2.505773784828146944e-01 1.632282594169429668e-01 2.925322419181713984e-01 1.308159646105061524e-02 4.624444526608260941e-02 2.404043107751209774e-01
1.149999999999999911e+00 9.000000000000000222e-01 2.581539553672029252e-01 2.007212559927833984e-01 1.632282597273086999e-01 2.879108992100536946e-01 2.286471859957894814e-02 4.597541784095053596e-02 2.754508319488868096e-01
1.149999999999999911e+00 9.250000000000000444e-01 2.216832530249673860e-01 1.509603345495777460e-01 1.632283026235372136e-01 2.833850097341760188e-01 2.999841945958642286e-02 4.570127299805949728e-02 3.223756068550803766e-01
1.149999999999999911e+00 9.499999999999999556e-01 1.914248277307095125e-01 1.014348195015964404e-01 1.632323447631869318e-01 2.789523089241028320e-01 3.409369736778322668e-02 4.542218664473045286e-02 3.852788169876478208e-01
1.149999999999999911e+00 9.750000000000000888e-01 1.707145707657427847e-01 5.281119774556848612e-02 1.634273910588320833e-01 2.113021320207070786e-01 3.490761031406575121e-02 4.513833590598249901e-02 4.664507423649048024e-01
1.149999999999999911e+00 1.000000000000000000e+00 1.632282594152489330e-01 1.700066490821900561e-02 1.661944919258978026e-01 8.700532167914714372e-10 3.239008036136437063e-02 4.484989890183065098e-02 5.608244885910167454e-01
1.149999999999999911e+00 1.024999999999999911e+00 1.707145707657427569e-01 5.281119774556859714e-02 1.773076160630767673e-01 2.113021320207063569e-01 2.669405873300650933e-02 4.455705452670734312e-02 6.538450068294628936e-01
1.149999999999999911e+00 1.050000000000000044e+00 1.914248277307095125e-01 1.014348195015969123e-01 1.988866139466532457e-01 2.621100291619846701e-01 1.814503142394130464e-02 4.425998223143137733e-02 6.914793105284955388e-01
1.149999999999999911e+00 1.075000000000000178e+00 2.216832530249673860e-01 1.509603345495805493e-01 2.289656378921080537e-01 2.581112137085352920e-01 7.181659934902828724e-03 4.395886180814358862e-02 7.237229459740341930e-01
1.149999999999999911e+00 1.100000000000000089e+00 2.581539553672029252e-01 2.007212559927856188e-01 2.649274967449975482e-01 2.541931284284081327e-01 5.711980773647040710e-03 4.365387317860860983e-02 7.523869766372893730e-01
1.149999999999999911e+00 1.125000000000000000e+00 2.985690283196362760e-01 2.505773784828151385e-01 3.047829676997761972e-01 2.503538736599040804e-01 2.006421428937299467e-02 4.334519618626581083e-02 7.705003503147386246e-01
1.149999999999999911e+00 1.149999999999999911e+00 3.415310596003410248e-01 3.004813182334668542e-01 3.472276674653946293e-01 2.465915971278696828e-01 3.132242994406325698e-02 4.303301039240013670e-02 7.856894792894117963e-01
1.149999999999999911e+00 1.175000000000000044e+00 3.861909691742309580e-01 3.504126461863475983e-01 3.914354272799687173e-01 2.429044928248276503e-01 9.274513727673572294e-03 4.271749487678344614e-02 8.000138832497725172e-01
1.149999999999999911e+00 1.200000000000000178e+00 4.320225279678499564e-01 4.003611152538655293e-01 4.368789569459857747e-01 2.392907999127175112e-01 1.263745699337820438e-02 4.239882804311654457e-02 8.131040990453040074e-01
1.149999999999999911e+00 1.225000000000000089e+00 4.786893195714021498e-01 4.503210217248597713e-01 4.832138452352731095e-01 2.357488016448785473e-01 1.463538404406145021e-02 4.207718742958864444e-02 8.253789690607659102e-01
1.149999999999999911e+00 1.250000000000000000e+00 5.259690719726130004e-01 5.002889391215017412e-01 5.302088350691513963e-01 2.322768243080119421e-01 1.204222614642280753e-02 4.175274952484610280e-02 8.348827697054143071e-01
1.149999999999999911e+00 1.274999999999999911e+00 5.737102619543523740e-01 5.502626850944190018e-01 5.777043049848008538e-01 2.288732361838393126e-01 1.735828962212804250e-03 4.142568958964251702e-02 8.434632212471500079e-01
1.149999999999999911e+00 1.300000000000000044e+00 6.218066135638409264e-01 6.002408038506882315e-01 6.255871967111437115e-01 2.255364465303212884e-01 2.695941851844635417e-02 4.109618148441911839e-02 8.516201324101426717e-01
1.149999999999999911e+00 1.325000000000000178e+00 6.701816654249291849e-01 6.502222870736735771e-01 6.737755266032157131e-01 2.222649045822542857e-01 5.337032677083453081e-02 4.076439750305078241e-02 8.592819157794334695e-01
1.149999999999999911e+00 1.350000000000000089e+00 7.187791487457965145e-01 7.002064142860433549e-01 7.222085727884801631e-01 2.190570985711279284e-01 7.791131366699882710e-02 3.893710664483920197e-02 8.659927277124322975e-01
1.149999999999999911e+00 1.375000000000000000e+00 7.675568152728055038e-01 7.501926569937352740e-01 7.708404997235274170e-01 2.159115547641212995e-01 1.008956201921268891e-01 3.527156228018751144e-02 8.723843172641222443e-01
1.149999999999999911e+00 1.399999999999999911e+00 8.164823725419498857e-01 8.001806187401185877e-01 8.196361156217382149e-01 2.128268365221423486e-01 1.225639272405312785e-01 3.210146486987304482e-02 8.781830621391268910e-01
1.149999999999999911e+00 1.425000000000000044e+00 8.655307416098702022e-01 8.501699962991622339e-01 8.685679855110410852e-01 2.098015433767916049e-01 1.431039355131047408e-01 2.933967892895820995e-02 8.835202661213290565e-01
1.149999999999999911e+00 1.450000000000000178e+00 9.146821659307300401e-01 9.001605537943302426e-01 9.176144259411114223e-01 2.068343101261504446e-01 1.626640230054304248e-01 2.691772421226120565e-02 8.886173185713236444e-01
1.149999999999999911e+00 1.475000000000000089e+00 9.639208809190367155e-01 9.501521049849421807e-01 9.667580855684638763e-01 2.039238059492899102e-01 1.813629440083208699e-01 2.478113102482891461e-02 8.934804554386515107e-01
1.149999999999999911e+00 1.500000000000000000e+00 1.013234160829436181e+00 1.000144500863407782e+00 1.015984922940883495e+00 2.010687335393654407e-01 1.992968321832230827e-01 2.288609797230236817e-02 8.976178338534049894e-01
