1.125000000000000000e+00 5.000000000000000000e-01 1.009276262332121643e+00 1.000275545047751180e+00 1.365231617971746081e-01 3.693286797494693685e-01 2.157701517286220727e-01 4.955249468828365478e-02 8.462780435665451240e-02
1.125000000000000000e+00 5.250000000000000222e-01 9.597596437166431294e-01 9.502900431029335238e-01 1.365231617971705835e-01 3.630609435559707387e-01 1.986591603631509551e-01 4.937982090363880056e-02 8.690784976602694556e-02
1.125000000000000000e+00 5.500000000000000444e-01 9.102958715204072515e-01 9.003061512733218086e-01 1.365231617971737754e-01 3.569276983321575947e-01 1.808706119395870893e-01 4.919968982080186876e-02 8.946439543337630917e-02
1.125000000000000000e+00 5.749999999999999556e-01 8.608940548680179550e-01 8.503241534971095472e-01 1.365231617971740252e-01 3.509257685495418277e-01 1.623222637918836364e-01 4.901223232328698332e-02 9.234140670134283191e-02
1.125000000000000000e+00 5.999999999999999778e-01 8.115655079579823239e-01 8.003444046287657709e-01 1.365231617971742750e-01 3.450520530747965831e-01 1.429121407290792067e-01 4.881758379232370437e-02 9.559332601087938697e-02
1.125000000000000000e+00 6.250000000000000000e-01 7.623244543546388030e-01 7.503673540477198145e-01 1.365231617971704448e-01 3.393035233095444969e-01 1.225122651911823568e-01 4.861588390837316004e-02 9.928832153444011599e-02
1.125000000000000000e+00 6.500000000000000222e-01 7.131890168160877064e-01 7.003935793684720190e-01 1.365231617971753020e-01 3.336772214562239158e-01 1.009598941243893822e-01 4.840727644771346955e-02 1.035128162310468003e-01
1.125000000000000000e+00 6.750000000000000444e-01 6.641826358066715841e-01 6.504238356799161291e-01 1.365231617971734424e-01 3.281702588889455763e-01 7.804504257894429031e-02 4.819190907456024492e-02 1.083779173857593592e-01
1.125000000000000000e+00 6.999999999999999556e-01 6.153361469206062306e-01 6.004591293506826855e-01 1.365231617971747746e-01 3.227798146117215605e-01 5.349235414385139498e-02 4.796993312918165081e-02 1.140287277614231987e-01
1.125000000000000000e+00 7.249999999999999778e-01 5.666908978509342942e-01 5.505008319889974633e-01 1.365231617971729428e-01 3.175031337894374528e-01 2.693415602146287391e-02 4.774150341248084572e-02 1.206581282062878513e-01
1.125000000000000000e+00 7.500000000000000000e-01 5.183035536315547809e-01 5.005508625710047843e-01 1.365231617971735256e-01 3.123375263394814194e-01 2.130594369512961439e-03 4.750677796752034165e-02 1.285276734639554941e-01
1.125000000000000000e+00 7.750000000000000222e-01 4.702537333260607411e-01 4.506119905423925931e-01 1.365231617971722211e-01 3.072803655740315443e-01 1.284952835060915177e-03 4.726591785847000793e-02 1.380001051837340120e-01
1.125000000000000000e+00 8.000000000000000444e-01 4.226565670933054020e-01 4.006883652173849342e-01 1.365231617971717215e-01 3.023290868848411694e-01 1.149613943408206440e-02 4.701908694746093076e-02 1.495913527551898659e-01
1.125000000000000000e+00 8.249999999999999556e-01 3.756841408778097136e-01 3.507864963486727050e-01 1.365231617971731093e-01 2.974811864638352010e-01 8.744842760816440297e-03 4.676645166982655588e-02 1.640560488145310636e-01
1.125000000000000000e+00 8.500000000000000888e-01 3.296036615498953437e-01 3.009172079170273628e-01 1.365231617971798261e-01 2.927342200541511730e-01 2.750476236233945215e-02 4.650818080821944589e-02 1.825316856873023252e-01
1.125000000000000000e+00 8.750000000000000000e-01 2.848483345696406488e-01 2.510999124264673976e-01 1.365231617992000990e-01 2.880858017272819316e-01 1.646426025568720197e-02 4.624444526608253309e-02 2.067848193627932485e-01
1.125000000000000000e+00 9.000000000000000222e-01 2.421540288888415215e-01 2.013732008500140058e-01 1.365231621702814868e-01 2.835336026829063383e-01 7.449163858751217671e-03 4.597541784095032780e-02 2.396220135815014807e-01
1.125000000000000000e+00 9.250000000000000444e-01 2.028264620484662162e-01 1.518261045425967071e-01 1.365232134573757805e-01 2.790753500686937172e-01 8.824800431551649282e-04 4.570127299805956667e-02 2.854832672955575634e-01
1.125000000000000000e+00 9.499999999999999556e-01 1.692293523804247191e-01 1.027188688634192160e-01 1.365280462478432322e-01 2.747088258180377940e-01 2.884771108313921584e-03 4.542218664473034184e-02 3.507731519990236468e-01
1.125000000000000000e+00 9.750000000000000888e-01 1.453911060109866205e-01 5.523736073148652337e-02 1.367611830296242836e-01 2.472672514411299316e-01 3.633279548759082989e-03 4.513833590598231860e-02 4.414859258943328313e-01
1.125000000000000000e+00 1.000000000000000000e+00 1.365231617971761902e-01 2.347692527952853492e-02 1.400561251137333596e-01 1.030993042912460617e-09 1.317828563316691959e-03 4.484989890183069261e-02 5.532767140613908952e-01
1.125000000000000000e+00 1.024999999999999911e+00 1.453911060109865927e-01 5.523736073148564907e-02 1.530787370908777423e-01 2.472672514411292100e-01 3.923489199615604051e-03 4.455705452670746802e-02 6.546507230321281234e-01
1.125000000000000000e+00 1.050000000000000044e+00 1.692293523804247191e-01 1.027188688634165792e-01 1.776259954019447362e-01 2.581175048674180239e-01 1.179690669395216940e-02 4.425998223143112753e-02 6.913326514986408711e-01
1.125000000000000000e+00 1.075000000000000178e+00 2.028264620484662162e-01 1.518261045425970401e-01 2.107614110094760962e-01 2.541781895525724311e-01 2.190667747773916707e-02 4.395886180814338740e-02 7.240213101412991126e-01
1.125000000000000000e+00 1.100000000000000089e+00 2.421540288888417991e-01 2.013732008500161985e-01 2.493625624806932173e-01 2.503183815567682213e-01 3.381618916311307510e-02 4.365387317860892208e-02 7.532306445328452726e-01
1.125000000000000000e+00 1.125000000000000000e+00 2.848483345696406488e-01 2.510999124264670090e-01 2.913550521876169808e-01 2.465362150364905358e-01 2.035019518994785059e-02 4.334519618626597737e-02 7.703263832858081583e-01
1.125000000000000000e+00 1.149999999999999911e+00 3.296036615498950106e-01 3.009172079170285841e-01 3.355028495986659420e-01 2.428298701633667123e-01 3.356746252593523216e-04 4.303301039240040732e-02 7.856220903585017235e-01
1.125000000000000000e+00 1.175000000000000044e+00 3.756841408778097136e-01 3.507864963486733156e-01 3.810732249387468462e-01 2.391975720891628132e-01 1.997561530650349138e-02 4.271749487678340451e-02 8.000098041595489207e-01
1.125000000000000000e+00 1.200000000000000178e+00 4.226565670933054020e-01 4.006883652173804933e-01 4.276193775515483297e-01 2.356375899246554440e-01 1.112888148403157196e-02 4.239882804311621844e-02 8.131249710985635204e-01
1.125000000000000000e+00 1.225000000000000089e+00 4.702537333260610186e-01 4.506119905423937588e-01 4.748586413475298640e-01 2.321482357326004609e-01 1.503168461347570428e-02 4.207718742958826974e-02 8.254207779850266657e-01
1.125000000000000000e+00 1.250000000000000000e+00 5.183035536315547809e-01 5.005508625710048953e-01 5.226055087929639686e-01 2.287278635350846467e-01 2.130594369512961439e-03 4.175274952484624158e-02 8.348417510521120022e-01
1.125000000000000000e+00 1.274999999999999911e+00 5.666908978509339612e-01 5.505008319889996837e-01 5.707340650717572794e-01 2.253748683355307203e-01 2.693415602146298493e-02 4.142568958964241987e-02 8.434473250129473909e-01
1.125000000000000000e+00 1.300000000000000044e+00 6.153361469206062306e-01 6.004591293506822414e-01 6.191562401561265805e-01 2.220876851556235487e-01 5.349235414385139498e-02 4.074933014039044260e-02 8.516263240210861785e-01
1.125000000000000000e+00 1.325000000000000178e+00 6.641826358066715841e-01 6.504238356799185716e-01 6.678087819764039201e-01 2.188647880874124985e-01 7.804504257894429031e-02 3.645620448282242687e-02 8.592847855890288766e-01
1.125000000000000000e+00 1.350000000000000089e+00 7.131890168160879284e-01 7.003935793684723521e-01 7.166451922984905520e-01 2.157046893608631222e-01 1.009598941243894377e-01 3.281736655490318649e-02 8.659930555140168407e-01
1.125000000000000000e+00 1.375000000000000000e+00 7.623244543546388030e-01 7.503673540477220349e-01 7.656305800119154181e-01 2.126059384270249097e-01 1.225122651911823568e-01 2.970291917316597585e-02 8.723824016280115057e-01
1.125000000000000000e+00 1.399999999999999911e+00 8.115655079579819908e-01 8.003444046287688796e-01 8.147382837861902871e-01 2.095671210570836385e-01 1.429121407290790957e-01 2.701429373857153204e-02 8.781773865359308040e-01
1.125000000000000000e+00 1.425000000000000044e+00 8.608940548680179550e-01 8.503241534971095472e-01 8.639475993890385341e-01 2.065868584574055422e-01 1.623222637918836919e-01 2.467549175727902847e-02 8.835217163607230750e-01
1.125000000000000000e+00 1.450000000000000178e+00 9.102958715204072515e-01 9.003061512733194771e-01 9.132422152586873176e-01 2.036638064007569304e-01 1.808706119395870338e-01 2.262707479736116370e-02 8.886250978894273400e-01
1.125000000000000000e+00 1.475000000000000089e+00 9.597596437166433514e-01 9.502900431029344119e-01 9.626091133203433792e-01 2.007966543738120557e-01 1.986591603631512881e-01 2.082195663801753721e-02 8.934851514972798059e-01
1.125000000000000000e+00 1.500000000000000000e+00 1.009276262332121643e+00 1.000275545047752956e+00 1.012037782238671468e+00 1.979841247410075167e-01 2.157701517286220172e-01 1.922240285489407521e-02 8.976138313506279998e-01
