1.175000000000000044e+00 5.000000000000000000e-01 1.017884174835966160e+00 1.000073038718667817e+00 1.899689274104969516e-01 3.807157672122992165e-01 1.829621305731393699e-01 4.955249468828377968e-02 1.171922707143867037e-01
1.175000000000000044e+00 5.250000000000000222e-01 9.688076142255982459e-01 9.500768825584537947e-01 1.899689274104940095e-01 3.742495547581292659e-01 1.642247470056056868e-01 4.937982090363866872e-02 1.202949577989842478e-01
1.175000000000000044e+00 5.500000000000000444e-01 9.198305242714527319e-01 9.000811534367261224e-01 1.899689274104964520e-01 3.679230980902310488e-01 1.446395360052353807e-01 4.919968982080216713e-02 1.237672743422115196e-01
1.175000000000000044e+00 5.749999999999999556e-01 8.709696856845795532e-01 8.500859266991716012e-01 1.899689274104958414e-01 3.617329944123653940e-01 1.240978863619133232e-01 4.901223232328698332e-02 1.276661037114248387e-01
1.175000000000000044e+00 5.999999999999999778e-01 8.222458229638481830e-01 8.000912965230777552e-01 1.899689274104982284e-01 3.556759306695304601e-01 1.024661976652493367e-01 4.881758379232358641e-02 1.320613336502363122e-01
1.175000000000000044e+00 6.250000000000000000e-01 7.736848152713712290e-01 7.500973821924671325e-01 1.899689274104967851e-01 3.497486803519244680e-01 7.957837464242978331e-02 4.861588390837277840e-02 1.370396622100496509e-01
1.175000000000000044e+00 6.500000000000000222e-01 7.253193733669984766e-01 7.001043370612594074e-01 1.899689274104970904e-01 3.439481005555319881e-01 5.522554427088005591e-02 4.840727644771369159e-02 1.427097920040629742e-01
1.175000000000000044e+00 6.750000000000000444e-01 6.771914008472755819e-01 6.501123616514232761e-01 1.899689274104964243e-01 3.382711292645504408e-01 2.914176452552030838e-02 4.819190907456023104e-02 1.492096172569514767e-01
1.175000000000000044e+00 6.999999999999999556e-01 6.293553792425196081e-01 6.001217232961919557e-01 1.899689274104991721e-01 3.327147828259588991e-01 9.838616797563926042e-04 4.796993312918131080e-02 1.567163107882518780e-01
1.175000000000000044e+00 7.249999999999999778e-01 5.818833159504539498e-01 5.501327864906757625e-01 1.899689274104947589e-01 3.272761535907920960e-01 4.865721879645124037e-03 4.774150341248083185e-02 1.654606856421879102e-01
1.175000000000000044e+00 7.500000000000000000e-01 5.348721280656671961e-01 5.001460614380479619e-01 1.899689274104983672e-01 3.219524077004122242e-01 8.461763797528720765e-04 4.750677796752029308e-02 1.757479250121629089e-01
1.175000000000000044e+00 7.750000000000000222e-01 4.884549041431517913e-01 4.501622849284367400e-01 1.899689274104968961e-01 3.167407829992317514e-01 1.832014242402019155e-02 4.726591785847006344e-02 1.879878533052807277e-01
1.175000000000000044e+00 8.000000000000000444e-01 4.428184654929100406e-01 4.001825618039753785e-01 1.899689274104959247e-01 3.116385870580645756e-01 1.505111664317271281e-03 4.701908694746054218e-02 2.027394322115367853e-01
1.175000000000000044e+00 8.249999999999999556e-01 3.982313314915032487e-01 3.502086274950863554e-01 1.899689274104968684e-01 3.066431952945971595e-01 1.442119881624243094e-02 4.676645166982649343e-02 2.207758768293945906e-01
1.175000000000000044e+00 8.500000000000000888e-01 3.550889936079346665e-01 3.002433725696408429e-01 1.899689274105029746e-01 3.017520491794946080e-01 2.903603734062604191e-02 4.650818080821902262e-02 2.431771937899392944e-01
1.175000000000000044e+00 8.750000000000000000e-01 3.139875688327418146e-01 2.502919950217999956e-01 1.899689274119536753e-01 2.969626545183347011e-01 2.174798406665090500e-02 4.624444526608247064e-02 2.714500777677887888e-01
1.175000000000000044e+00 9.000000000000000222e-01 2.758408841732780115e-01 2.003648740972135966e-01 1.899689276786321324e-01 2.922725798010439302e-01 1.614149654562457847e-02 4.597541784095061229e-02 3.076412610259479097e-01
1.175000000000000044e+00 9.250000000000000444e-01 2.420499811640062227e-01 1.504861547518320242e-01 1.899689645366459123e-01 2.876794546117603102e-01 1.265076457574659807e-02 4.570127299805985116e-02 3.542963793884352786e-01
1.175000000000000044e+00 9.499999999999999556e-01 2.146816093229595435e-01 1.007277656457814252e-01 1.899724377025570898e-01 2.831809680931072770e-01 1.140666757722574864e-02 4.542218664473065409e-02 4.138374440914514563e-01
1.175000000000000044e+00 9.750000000000000888e-01 1.964387776929387708e-01 5.144008915226407075e-02 1.901400559010664737e-01 1.848093256584162902e-01 1.245743105473262613e-02 4.513833590598233941e-02 4.866409717520415179e-01
1.175000000000000044e+00 1.000000000000000000e+00 1.899689274104999770e-01 1.208647061771468689e-02 1.925236033744198716e-01 7.551208960242087582e-10 1.576226844140871108e-02 4.484989890183044281e-02 5.680986461633735773e-01
1.175000000000000044e+00 1.024999999999999911e+00 1.964387776929386875e-01 5.144008915226319645e-02 2.021947561726923914e-01 1.848093256584149024e-01 2.119676918291513168e-02 4.455705452670724598e-02 6.484357679374437300e-01
1.175000000000000044e+00 1.050000000000000044e+00 2.146816093229595435e-01 1.007277656457867682e-01 2.213608229044344289e-01 2.660891941160791196e-01 2.856860707393776844e-02 4.425998223143145366e-02 6.917146250528581897e-01
1.175000000000000044e+00 1.075000000000000178e+00 2.420499811640062227e-01 1.504861547518289988e-01 2.487367927048690919e-01 2.620312210092247684e-01 3.552899067121079169e-02 4.395886180814337352e-02 7.234824942993252073e-01
1.175000000000000044e+00 1.100000000000000089e+00 2.758408841732781780e-01 2.003648740972152342e-01 2.821901969263533871e-01 2.580551918769500297e-01 2.172637483224826305e-02 4.365387317860900535e-02 7.515543586727513325e-01
1.175000000000000044e+00 1.125000000000000000e+00 3.139875688327418146e-01 2.502919950217983303e-01 3.199021508362313582e-01 2.541591734438318761e-01 6.380863016333115922e-03 4.334519618626563042e-02 7.707006966925489255e-01
1.175000000000000044e+00 1.149999999999999911e+00 3.550889936079343334e-01 3.002433725696405653e-01 3.605714655421583537e-01 2.503412811910418201e-01 1.004960019924500125e-02 4.303301039240030323e-02 7.857723405167061914e-01
1.175000000000000044e+00 1.175000000000000044e+00 3.982313314915032487e-01 3.502086274950820810e-01 4.033192562221820099e-01 2.465996781533773552e-01 2.718218217358164823e-02 4.271749487678341145e-02 8.000118808084976108e-01
1.175000000000000044e+00 1.200000000000000178e+00 4.428184654929100406e-01 4.001825618039705490e-01 4.475577635702114865e-01 2.429325737436824895e-01 1.431901412561753517e-02 4.239882804311597558e-02 8.130728178778958704e-01
1.175000000000000044e+00 1.225000000000000089e+00 4.884549041431520688e-01 4.501622849284356853e-01 4.928897939061253064e-01 2.393382226036522564e-01 8.675152299758071006e-03 4.207718742958817260e-02 8.253148092605051556e-01
1.175000000000000044e+00 1.250000000000000000e+00 5.348721280656671961e-01 5.001460614380446312e-01 5.390418698905949935e-01 2.358149234801953376e-01 1.495547660055873695e-02 4.175274952484592239e-02 8.349295251563385589e-01
1.175000000000000044e+00 1.274999999999999911e+00 5.818833159504537278e-01 5.501327864906691012e-01 5.858216389889829845e-01 2.323610181265937102e-01 1.184798575282536293e-02 4.142568958964282927e-02 8.434822961272017139e-01
1.175000000000000044e+00 1.300000000000000044e+00 6.293553792425196081e-01 6.001217232961901793e-01 6.330908855754227016e-01 2.289748902278422593e-01 9.838616797566146488e-04 4.109618148441882002e-02 8.516148500781248742e-01
1.175000000000000044e+00 1.325000000000000178e+00 6.771914008472755819e-01 6.501123616514231651e-01 6.807482566699720739e-01 2.256549643495835700e-01 2.914176452552019736e-02 4.076439750305057425e-02 8.592828146896422936e-01
1.175000000000000044e+00 1.350000000000000089e+00 7.253193733669989207e-01 7.001043370612654027e-01 7.287180190711176619e-01 2.223997049101504309e-01 5.522554427088005591e-02 4.043050821296174241e-02 8.659928280804659595e-01
1.175000000000000044e+00 1.375000000000000000e+00 7.736848152713712290e-01 7.500973821924621365e-01 7.769426006622235370e-01 2.192076151752544999e-01 7.957837464242961678e-02 4.009468230179782933e-02 8.723837129085489916e-01
1.175000000000000044e+00 1.399999999999999911e+00 8.222458229638476279e-01 8.000912965230837504e-01 8.253775443645527954e-01 2.160772362749129871e-01 1.024661976652489481e-01 3.709431318224958030e-02 8.781896424115929189e-01
1.175000000000000044e+00 1.425000000000000044e+00 8.709696856845795532e-01 8.500859266991712682e-01 8.739880286162191592e-01 2.130071462422332140e-01 1.240978863619132677e-01 3.392629266033318075e-02 8.835190263277074019e-01
1.175000000000000044e+00 1.450000000000000178e+00 9.198305242714527319e-01 9.000811534367239020e-01 9.227464242168534891e-01 2.099959590736927006e-01 1.446395360052351586e-01 3.114402155333337308e-02 8.886091303187969581e-01
1.175000000000000044e+00 1.475000000000000089e+00 9.688076142255984680e-01 9.500768825584553490e-01 9.716305495000525649e-01 2.070423238105761066e-01 1.642247470056057423e-01 2.868650265954490741e-02 8.934661276587370082e-01
1.175000000000000044e+00 1.500000000000000000e+00 1.017884174835966160e+00 1.000073038718665597e+00 1.020622404394968541e+00 2.041449236412564983e-01 1.829621305731393144e-01 2.650449054269186921e-02 8.976222911846799546e-01
