1.324999999999999956e+00 5.000000000000000000e-01 1.059713715249464894e+00 1.000000720665440657e+00 3.507038042106489506e-01 4.142852328291725117e-01 8.885844139364745820e-02 4.955249468828346049e-02 2.114285476862587942e-01
1.324999999999999956e+00 5.250000000000000222e-01 1.012666360796004472e+00 9.500007585951706357e-01 3.507038042106507270e-01 4.072392491029548367e-01 6.585197956654198492e-02 4.937982090363850218e-02 2.165792718460162747e-01
1.324999999999999956e+00 5.500000000000000444e-01 9.659157097220357757e-01 9.000008007393103249e-01 3.507038042106496167e-01 4.003483684497581296e-01 4.162359572788060236e-02 4.919968982080204223e-02 2.222948219762915234e-01
1.324999999999999956e+00 5.749999999999999556e-01 9.195070191618029964e-01 8.500008478415759239e-01 3.507038042106491726e-01 3.936085246489017253e-01 1.602356073794863889e-02 4.901223232328676127e-02 2.286493914511117387e-01
1.324999999999999956e+00 5.999999999999999778e-01 8.734947957989351863e-01 8.000009008316193437e-01 3.507038042106516151e-01 3.870157854720300827e-01 1.739882750868282368e-03 4.881758379232346845e-02 2.357309528188437087e-01
1.324999999999999956e+00 6.250000000000000000e-01 8.279451420763481728e-01 7.500009608869835365e-01 3.507038042106479514e-01 3.805663457465173205e-01 7.287964501837440601e-03 4.861588390837347229e-02 2.436441907484811487e-01
1.324999999999999956e+00 6.500000000000000222e-01 7.829387960037643701e-01 7.000010295216714251e-01 3.507038042106529474e-01 3.742565210263376629e-01 6.496995014608208940e-03 4.840727644771364302e-02 2.525140735052585628e-01
1.324999999999999956e+00 6.750000000000000444e-01 7.385750864250864023e-01 6.500011087155125322e-01 3.507038042106524478e-01 3.680827418007339702e-01 4.675438364905082356e-03 4.819190907456023104e-02 2.624901441437937910e-01
1.324999999999999956e+00 6.999999999999999556e-01 6.949770919158589910e-01 6.000012011082995755e-01 3.507038042106480624e-01 3.620415481797581991e-01 1.320581132037812466e-02 4.796993312918143570e-02 2.737515535425544266e-01
1.324999999999999956e+00 7.249999999999999778e-01 6.522983660011915097e-01 5.500013102997129977e-01 3.507038042106496722e-01 3.561295850032692445e-01 1.205156157668962891e-02 4.774150341248045021e-02 2.865127105727471313e-01
1.324999999999999956e+00 7.500000000000000000e-01 6.107316581673361000e-01 5.000014413293223381e-01 3.507038042106517262e-01 3.503435973266043613e-01 4.203992363763231488e-04 4.750677796752041798e-02 3.010291078897846528e-01
1.324999999999999956e+00 7.750000000000000222e-01 5.705200770243095132e-01 4.500016014764846028e-01 3.507038042106503939e-01 3.446804262418626807e-01 1.186697579215523213e-02 4.726591785846951527e-02 3.176022519750087980e-01
1.324999999999999956e+00 8.000000000000000444e-01 5.319710126386814064e-01 4.000018016601966098e-01 3.507038042106467302e-01 3.391370049987741941e-01 2.208687183484847605e-02 4.701908694746088913e-02 3.365814550341376110e-01
1.324999999999999956e+00 8.249999999999999556e-01 4.954726614938752549e-01 3.500020590388008834e-01 3.507038042106509490e-01 3.337103553934629430e-01 2.457958802171317236e-02 4.676645166982649343e-02 3.583582297739762446e-01
1.324999999999999956e+00 8.500000000000000888e-01 4.615118181453475299e-01 3.000024022093820131e-01 3.507038042106571663e-01 3.283975843972966602e-01 2.052631499738716281e-02 4.650818080821933487e-02 3.833459333079664022e-01
1.324999999999999956e+00 8.750000000000000000e-01 4.306891666710742084e-01 2.500028826461867526e-01 3.507038042114369869e-01 3.231958810012870442e-01 1.794009255820810944e-02 4.624444526608215145e-02 4.119335136634886818e-01
1.324999999999999956e+00 9.000000000000000222e-01 4.037241116007616037e-01 2.000036032960446075e-01 3.507038043558936558e-01 3.181025132545095557e-01 1.687272702703718208e-02 4.597541784095013351e-02 4.444000389569039977e-01
1.324999999999999956e+00 9.250000000000000444e-01 3.814356541906174236e-01 1.500048043610662796e-01 3.507038243211123563e-01 3.118219163859743959e-01 1.734601613977160284e-02 4.570127299805976095e-02 4.807824208714319703e-01
1.324999999999999956e+00 9.499999999999999556e-01 3.646822703228445595e-01 1.000072063973538178e-01 3.507057056749723345e-01 2.134973659556756997e-01 1.935026404569956116e-02 4.542218664473046674e-02 5.207126354348341479e-01
1.324999999999999956e+00 9.750000000000000888e-01 3.542501351980325008e-01 5.001441123719056747e-02 3.507965304337946622e-01 1.085924604652374337e-01 2.284494498799977125e-02 4.513833590598233247e-02 5.632869951922643281e-01
1.324999999999999956e+00 1.000000000000000000e+00 3.507038042106533915e-01 1.200554623034580685e-03 3.520941674646139719e-01 4.369493862237913577e-10 2.776142281710042292e-02 4.484989890183044975e-02 6.070720075292894702e-01
1.324999999999999956e+00 1.024999999999999911e+00 3.542501351980324453e-01 5.001441123719164994e-02 3.574740330850104675e-01 1.085924604652370312e-01 3.381856019339524178e-02 4.455705452670723904e-02 6.503234069469350231e-01
1.324999999999999956e+00 1.050000000000000044e+00 3.646822703228445595e-01 1.000072063973533598e-01 3.686537383823179082e-01 2.134973659556758108e-01 2.562554984965964566e-02 4.425998223143128019e-02 6.913648171216313365e-01
1.324999999999999956e+00 1.075000000000000178e+00 3.814356541906174236e-01 1.500048043610673898e-01 3.857135685342605869e-01 2.852682365916069385e-01 1.592808574922816023e-02 4.395886180814370658e-02 7.234382337987338429e-01
1.324999999999999956e+00 1.100000000000000089e+00 4.037241116007617703e-01 2.000036032960484933e-01 4.080885591972210902e-01 2.809518379839465729e-01 4.926219371361117982e-03 4.365387317860839472e-02 7.482257218235682794e-01
1.324999999999999956e+00 1.125000000000000000e+00 4.306891666710742084e-01 2.500028826461856424e-01 4.350199432393594412e-01 2.767223313921323147e-01 7.177247018869459261e-03 4.334519618626576920e-02 7.704992684324186714e-01
1.324999999999999956e+00 1.149999999999999911e+00 4.615118181453471413e-01 3.000024022093883413e-01 4.657432196710414862e-01 2.725776441093149538e-01 2.018594420665809075e-02 4.303301039240035181e-02 7.867069818077081500e-01
1.324999999999999956e+00 1.175000000000000044e+00 4.954726614938752549e-01 3.500020590388037700e-01 4.995712034794905776e-01 2.685157585752594445e-01 3.218377410075340395e-02 4.271749487678375146e-02 8.001641620058730364e-01
1.324999999999999956e+00 1.200000000000000178e+00 5.319710126386814064e-01 4.000018016601935567e-01 5.359224912599795942e-01 2.645347107411489818e-01 1.470334706971493377e-02 4.239882804311621844e-02 8.128262469618257047e-01
1.324999999999999956e+00 1.225000000000000089e+00 5.705200770243097352e-01 4.500016014764868233e-01 5.743216118544982596e-01 2.606325884969512563e-01 3.154717245653304580e-03 4.207718742958820035e-02 8.246348749064423833e-01
1.324999999999999956e+00 1.250000000000000000e+00 6.107316581673361000e-01 5.000014413293256688e-01 6.143867693899985882e-01 2.568075301573042868e-01 2.121137562415503774e-02 4.175274952484633872e-02 8.353518270723230277e-01
1.324999999999999956e+00 1.274999999999999911e+00 6.522983660011911766e-01 5.500013102997143299e-01 6.558139657052555194e-01 2.530577230022556523e-01 1.717224924706645117e-02 4.142568958964278764e-02 8.436878019767922732e-01
1.324999999999999956e+00 1.300000000000000044e+00 6.949770919158589910e-01 6.000012011082969110e-01 6.983616787202707732e-01 2.493814018695937884e-01 4.655978023536455623e-03 4.109618148441927798e-02 8.516288745169589003e-01
1.324999999999999956e+00 1.325000000000000178e+00 7.385750864250864023e-01 6.500011087155144196e-01 7.418376870081020424e-01 2.457768477958035547e-01 2.178401368556909246e-02 4.076439750305063670e-02 8.591779560395208515e-01
1.324999999999999956e+00 1.350000000000000089e+00 7.829387960037644811e-01 7.000010295216700928e-01 7.860883641329798888e-01 2.422423867029742384e-01 2.876045382891212476e-03 4.043050821296215180e-02 8.660125242126526235e-01
1.324999999999999956e+00 1.375000000000000000e+00 8.279451420763481728e-01 7.500009608869863120e-01 8.309902343770994015e-01 2.387763881292340462e-01 7.916694452712869090e-03 4.009468230179785014e-02 8.723377712764504022e-01
1.324999999999999956e+00 1.399999999999999911e+00 8.734947957989354084e-01 8.000009008316137926e-01 8.764434126899405264e-01 2.353772640005216132e-01 3.523828640983717175e-03 3.975708643081438814e-02 8.782537047636680416e-01
1.324999999999999956e+00 1.425000000000000044e+00 9.195070191618029964e-01 8.500008478415778113e-01 9.223665426883174145e-01 2.320434674416646526e-01 1.602356073794863889e-02 3.941788509512650363e-02 8.835218644955038503e-01
1.324999999999999956e+00 1.450000000000000178e+00 9.659157097220357757e-01 9.000008007393096587e-01 9.686928968002816998e-01 2.287734916249621608e-01 4.162359572788071338e-02 3.907724049093602714e-02 8.885574695721695226e-01
1.324999999999999956e+00 1.475000000000000089e+00 1.012666360796004472e+00 9.500007585951704137e-01 1.015367366832367946e+00 2.255658686545535807e-01 6.585197956654220697e-02 3.873531238983343034e-02 8.933662185603997719e-01
1.324999999999999956e+00 1.500000000000000000e+00 1.059713715249464894e+00 1.000000720665440213e+00 1.062344133159915494e+00 2.224191684850564121e-01 8.885844139364756922e-02 3.839225802024255618e-02 8.976598667495905293e-01
