1.350000000000000089e+00 5.000000000000000000e-01 1.068885752180045223e+00 1.000000314697111481e+00 3.775139086358292317e-01 4.197891934863916541e-01 7.396481735851023753e-02 4.955249468828377274e-02 2.264645234345228908e-01
1.350000000000000089e+00 5.250000000000000222e-01 1.022260608266552850e+00 9.500003312601101868e-01 3.775139086358267893e-01 4.126491160817078452e-01 5.035583953829797510e-02 4.937982090363866872e-02 2.318837977733567701e-01
1.350000000000000089e+00 5.500000000000000444e-01 9.759696466660743308e-01 9.000003496634467748e-01 3.775139086358292317e-01 4.056666144741345459e-01 2.548485795347693594e-02 4.919968982080213937e-02 2.378870896295245951e-01
1.350000000000000089e+00 5.749999999999999556e-01 9.300627673514850757e-01 8.500003702318750243e-01 3.775139086358305640e-01 3.988375164126048422e-01 7.992266543038195614e-04 4.901223232328668494e-02 2.445484952273364043e-01
1.350000000000000089e+00 5.999999999999999778e-01 8.845997689427134159e-01 8.000003933713557558e-01 3.775139086358281215e-01 3.921577905673626074e-01 1.638018403804508694e-06 4.881758379232345457e-02 2.519552336759811051e-01
1.350000000000000089e+00 6.250000000000000000e-01 8.396527563305574704e-01 7.500004195960990883e-01 3.775139086358278995e-01 3.856235390282481412e-01 1.728929666525380604e-03 4.861588390837327106e-02 2.602102182774566064e-01
1.350000000000000089e+00 6.500000000000000222e-01 7.953092173573131918e-01 7.000004495672327298e-01 3.775139086358252349e-01 3.792309904608497928e-01 6.098825594431256381e-03 4.840727644771346261e-02 2.694350941912420083e-01
1.350000000000000089e+00 6.750000000000000444e-01 7.516759615775285841e-01 6.500004841493014496e-01 3.775139086358286766e-01 3.729764938461839208e-01 1.245103646287393229e-02 4.819190907456023798e-02 2.797737454785110267e-01
1.350000000000000089e+00 6.999999999999999556e-01 7.088841592344282683e-01 6.000005244950417094e-01 3.775139086358272333e-01 3.668565127387246605e-01 8.783825685820811913e-03 4.796993312918189367e-02 2.913961849967253159e-01
1.350000000000000089e+00 7.249999999999999778e-01 6.670957586535102291e-01 5.500005721763564503e-01 3.775139086358285101e-01 3.608676199855463951e-01 4.877531831254944272e-03 4.774150341248041551e-02 3.045025592667474634e-01
1.350000000000000089e+00 7.500000000000000000e-01 6.265115730882411249e-01 5.000006293939296409e-01 3.775139086358270113e-01 3.550064928563332889e-01 1.768315713605467243e-02 4.750677796752018900e-02 3.193266573916249684e-01
1.350000000000000089e+00 7.750000000000000222e-01 5.873812656303420976e-01 4.500006993264809019e-01 3.775139086358267893e-01 3.492699085400518544e-01 2.048342459623136991e-02 4.726591785846996630e-02 3.361377000457047015e-01
1.350000000000000089e+00 8.000000000000000444e-01 5.500152281650957375e-01 4.000007867421355723e-01 3.775139086358276774e-01 3.436547399694087068e-01 1.357315084490662294e-02 4.701908694746098627e-02 3.552381558178824283e-01
1.350000000000000089e+00 8.249999999999999556e-01 5.147977770090914618e-01 3.500008991335959996e-01 3.775139086358296758e-01 3.381579519388552280e-01 7.985725996388470804e-03 4.676645166982659058e-02 3.769537527567719537e-01
1.350000000000000089e+00 8.500000000000000888e-01 4.821999079360161922e-01 3.000010489887109388e-01 3.775139086358308971e-01 3.327765974859594467e-01 3.824022653046654785e-03 4.650818080821948752e-02 4.016097768692886705e-01
1.350000000000000089e+00 8.750000000000000000e-01 4.527877551496974906e-01 2.500012587854827939e-01 3.775139086365595364e-01 3.275078145095403070e-01 1.168595703686214904e-03 4.624444526608259554e-02 4.294858732389832956e-01
1.350000000000000089e+00 9.000000000000000222e-01 4.272197926284577729e-01 2.000015734796224687e-01 3.775139087707580221e-01 3.223488226010680635e-01 7.266564906993622230e-05 4.597541784095015432e-02 4.607420521654915779e-01
1.350000000000000089e+00 9.250000000000000444e-01 4.062225390269505465e-01 1.500020979664196674e-01 3.775139273180936339e-01 2.948964920318514205e-01 5.586209561960764347e-04 4.570127299805937238e-02 4.953157989015430918e-01
1.350000000000000089e+00 9.499999999999999556e-01 3.905339309375083223e-01 1.000031469221158292e-01 3.775156750635108027e-01 2.011962883115232525e-01 2.616503324416707965e-03 4.542218664473059858e-02 5.328090957410931416e-01
1.350000000000000089e+00 9.750000000000000888e-01 3.808106500788843718e-01 5.000629354717903846e-02 3.776000512315474955e-01 1.020904204911220747e-01 6.204684597938492363e-03 4.513833590598234635e-02 5.724129612911544873e-01
1.350000000000000089e+00 1.000000000000000000e+00 3.775139086358309526e-01 7.933437633129179290e-04 3.788058812746676329e-01 4.104360924493180199e-10 1.125264147288562722e-02 4.484989890183056771e-02 6.129353057660223980e-01
1.350000000000000089e+00 1.024999999999999911e+00 3.808106500788843163e-01 5.000629354717635311e-02 3.838115126670152977e-01 1.020904204911215890e-01 1.766545304880795531e-02 4.455705452670730149e-02 6.529702178622983633e-01
1.350000000000000089e+00 1.050000000000000044e+00 3.905339309375083223e-01 1.000031469221158154e-01 3.942450655987165264e-01 2.011962883115234191e-01 2.532944836687001100e-02 4.425998223143109978e-02 6.911658613693076880e-01
1.350000000000000089e+00 1.075000000000000178e+00 4.062225390269505465e-01 1.500020979664203336e-01 4.102420625400446941e-01 2.890923307385062091e-01 3.360470265452192296e-02 4.395886180814359556e-02 7.237693895732231208e-01
1.350000000000000089e+00 1.100000000000000089e+00 4.272197926284578284e-01 2.000015734796257993e-01 4.313465718808204841e-01 2.847204672211712251e-01 2.230938786710756627e-02 4.365387317860924821e-02 7.480907197683857035e-01
1.350000000000000089e+00 1.125000000000000000e+00 4.527877551496974906e-01 2.500012587854829049e-01 4.569091200027127764e-01 2.804366069744702594e-01 9.882290849671293564e-03 4.334519618626571369e-02 7.697934539472097715e-01
1.350000000000000089e+00 1.149999999999999911e+00 4.821999079360160256e-01 3.000010489887095511e-01 4.862513132066861310e-01 2.762386469748260853e-01 3.474544619210928609e-03 4.303301039240056691e-02 7.869529769284420162e-01
1.350000000000000089e+00 1.175000000000000044e+00 5.147977770090914618e-01 3.500008991335965547e-01 5.187436556446944902e-01 2.721245405754489921e-01 1.757229570689311515e-02 4.271749487678355717e-02 8.002561358060124030e-01
1.350000000000000089e+00 1.200000000000000178e+00 5.500152281650957375e-01 4.000007867421352392e-01 5.538379813302620747e-01 2.680922957966737630e-01 3.223977368106872854e-02 4.239882804311627396e-02 8.128112588354854395e-01
1.350000000000000089e+00 1.225000000000000089e+00 5.873812656303419866e-01 4.500006993264842325e-01 5.910743665299895699e-01 2.641399736846287150e-01 1.401243694314774357e-02 4.207718742958788116e-02 8.245120020863859756e-01
1.350000000000000089e+00 1.250000000000000000e+00 6.265115730882411249e-01 5.000006293939298629e-01 6.300751505393265006e-01 2.602656867336969326e-01 4.527412562732147094e-03 4.175274952484631097e-02 8.354496086111061759e-01
1.350000000000000089e+00 1.274999999999999911e+00 6.670957586535101180e-01 5.500005721763594480e-01 6.705337803121755869e-01 2.564675973686623700e-01 2.312318652568540189e-02 4.142568958964269743e-02 8.437415754996674400e-01
1.350000000000000089e+00 1.300000000000000044e+00 7.088841592344282683e-01 6.000005244950430416e-01 7.122026588202786668e-01 2.527439164828477747e-01 1.247101735122846389e-02 4.109618148441887553e-02 8.516436282993690154e-01
1.350000000000000089e+00 1.325000000000000178e+00 7.516759615775285841e-01 6.500004841492992291e-01 7.548819422871400064e-01 2.490929020289139317e-01 9.474686755892747225e-03 4.076439750305067833e-02 8.591584073631010066e-01
1.350000000000000089e+00 1.350000000000000089e+00 7.953092173573135248e-01 7.000004495672307314e-01 7.984099881332522575e-01 2.455128576592998380e-01 1.429856260386147548e-02 4.043050821296172159e-02 8.660230712918151053e-01
1.350000000000000089e+00 1.375000000000000000e+00 8.396527563305574704e-01 7.500004195960999764e-01 8.426555420548665909e-01 2.420021314135726853e-01 1.002840680937844287e-02 4.009468230179784320e-02 8.723273542149988513e-01
1.350000000000000089e+00 1.399999999999999911e+00 8.845997689427135269e-01 8.000003933713544235e-01 8.875114920795468265e-01 2.385591144502109962e-01 1.043850190982797965e-03 3.975708643081411753e-02 8.782695233238371202e-01
1.350000000000000089e+00 1.425000000000000044e+00 9.300627673514850757e-01 8.500003702318790211e-01 9.328899356282535082e-01 2.351822398205304088e-01 7.992266543037640503e-04 3.941788509512634403e-02 8.835251493897091635e-01
1.350000000000000089e+00 1.450000000000000178e+00 9.759696466660743308e-01 9.000003496634434441e-01 9.787183053550192469e-01 2.318699812827065276e-01 2.548485795347688043e-02 3.907724049093610347e-02 8.885495764405768604e-01
1.350000000000000089e+00 1.475000000000000089e+00 1.022260608266552850e+00 9.500003312601110750e-01 1.024936330975627641e+00 2.286208521539939142e-01 5.035583953829814163e-02 3.873531238983303482e-02 8.933484092592820502e-01
1.350000000000000089e+00 1.500000000000000000e+00 1.068885752180045223e+00 1.000000314697114145e+00 1.071493653823938130e+00 2.254334041993852344e-01 7.396481735851023753e-02 3.839225802024225087e-02 8.976681784158632160e-01
