1.024999999999999911e+00 5.000000000000000000e-01 1.000508564331095585e+00 1.002336447717058210e+00 3.189650921135589456e-02 3.462802720054590222e-01 2.826379319468727003e-01 4.955249468828372417e-02 1.986970018145933770e-02
1.024999999999999911e+00 5.250000000000000222e-01 9.505353161770841997e-01 9.524591090551105532e-01 3.189650921135510353e-02 3.404161571601172498e-01 2.689440562186424799e-01 4.937982090363802340e-02 2.041471886511869727e-02
1.024999999999999911e+00 5.500000000000000444e-01 9.005650377956440078e-01 9.025953436740410396e-01 3.189650921135524231e-02 3.346758729624125794e-01 2.549547262786207580e-01 4.919968982080217407e-02 2.102705806807969591e-02
1.024999999999999911e+00 5.749999999999999556e-01 8.505982525845382503e-01 8.527475326390925314e-01 3.189650921135400718e-02 3.290566987225597151e-01 2.406534941675018691e-01 4.901223232328665025e-02 2.171778540395163937e-02
1.024999999999999911e+00 5.999999999999999778e-01 8.006356145587516515e-01 8.029186474494518500e-01 3.189650921135531170e-02 3.235559574768246405e-01 2.260196788444783778e-01 4.881758379232328804e-02 2.250071906386497123e-02
1.024999999999999911e+00 6.250000000000000000e-01 7.506779517874958563e-01 7.531124447398633848e-01 3.189650921135211981e-02 3.181710168328487076e-01 2.110268899211336091e-01 4.861588390837281309e-02 2.339333081408989656e-02
1.024999999999999911e+00 6.500000000000000222e-01 7.007263283906706164e-01 7.033337432698998359e-01 3.189650921135411127e-02 3.128992896710857674e-01 1.956409281292431634e-01 4.840727644771365690e-02 2.441803225167316072e-02
1.024999999999999911e+00 6.750000000000000444e-01 6.507821350497184909e-01 6.535888267267540019e-01 3.189650921135488149e-02 3.077382347101675908e-01 1.798167316921628900e-01 4.819190907456016859e-02 2.560404869931176552e-02
1.024999999999999911e+00 6.999999999999999556e-01 6.008472245919673771e-01 6.038860442352148583e-01 3.189650921135536027e-02 3.026853569441697589e-01 1.634938187784545915e-01 4.796993312918137325e-02 2.699022006714119071e-02
1.024999999999999911e+00 7.249999999999999778e-01 5.509241211817377248e-01 5.542367313901668258e-01 3.189650921135273043e-02 2.977382079599081299e-01 1.465892787004484110e-01 4.774150341248074858e-02 2.862931221269510162e-02
1.024999999999999911e+00 7.500000000000000000e-01 5.010163543237586836e-01 5.046566698479835189e-01 3.189650921135306350e-02 2.928943861422799722e-01 1.289866104789899603e-01 4.750677796751989757e-02 3.059488374149327283e-02
1.024999999999999911e+00 7.750000000000000222e-01 4.511290140302107732e-01 4.551684901462947908e-01 3.189650921135241124e-02 2.881515367756520285e-01 1.105172023453117047e-01 4.726591785846995936e-02 3.299266981632215101e-02
1.024999999999999911e+00 8.000000000000000444e-01 4.012697188922558778e-01 4.058058087583975015e-01 3.189650921135372963e-02 2.835073520490421495e-01 9.092805702115697164e-02 4.701908694746111117e-02 3.598037609081222721e-02
1.024999999999999911e+00 8.249999999999999556e-01 3.514504051781278671e-01 3.566207431180307141e-01 3.189650921135385453e-02 2.789595709726601092e-01 6.982211415893357920e-02 4.676645166982609791e-02 3.980414331133746986e-02
1.024999999999999911e+00 8.500000000000000888e-01 3.016908803723939991e-01 3.076984797200961186e-01 3.189650921138998535e-02 2.745059792131069321e-01 4.653953122177872936e-02 4.650818080821925160e-02 4.487070378216156952e-02
1.024999999999999911e+00 8.750000000000000000e-01 2.520265607031730859e-01 2.591878747589451693e-01 3.189650922003887945e-02 2.701444088541988808e-01 1.989856256895494724e-02 4.624444526608242900e-02 5.190376321392964343e-02
1.024999999999999911e+00 9.000000000000000222e-01 2.025274976388889425e-01 2.113725488848010314e-01 3.189651080832066332e-02 2.658727380901245718e-01 9.608796834818023047e-03 4.597541784095018902e-02 6.232606273286123155e-02
1.024999999999999911e+00 9.250000000000000444e-01 1.533537978006093150e-01 1.648585891667694869e-01 3.189673032618520893e-02 2.616888908572597705e-01 1.795606617254286164e-02 4.570127299805946952e-02 7.936063106158347535e-02
1.024999999999999911e+00 9.499999999999999556e-01 1.049637427870700745e-01 1.211542587863015108e-01 3.191740912146474873e-02 2.575908364106564985e-01 2.804139660997362338e-02 4.542218664473058470e-02 1.120764404166784134e-01
1.024999999999999911e+00 9.750000000000000888e-01 5.930756528361447871e-02 8.472516994411073699e-02 3.290037653942101681e-02 2.535765888508995092e-01 2.162148438368727277e-02 4.513833590598251289e-02 1.969862898580459487e-01
1.024999999999999911e+00 1.000000000000000000e+00 3.189650921135710887e-02 6.839849722075846961e-02 4.466018108612993670e-02 4.905038804717927898e-09 2.056986806966093484e-02 4.484989890183041505e-02 5.206914430759541634e-01
1.024999999999999911e+00 1.024999999999999911e+00 5.930756528361427748e-02 8.472516994411180558e-02 7.623590585879080894e-02 2.457917918777686173e-01 2.510792480077850275e-02 4.455705452670728067e-02 6.534886331260916226e-01
1.024999999999999911e+00 1.050000000000000044e+00 1.049637427870700745e-01 1.211542587862999287e-01 1.180246069059512487e-01 2.420174900441310062e-01 3.433406469712002584e-02 4.425998223143100263e-02 6.911976052515484970e-01
1.024999999999999911e+00 1.075000000000000178e+00 1.533537978006093150e-01 1.648585891667702641e-01 1.637045691588351337e-01 2.383194890437347058e-01 1.341866648258793759e-02 4.395886180814340127e-02 7.252609797381306400e-01
1.024999999999999911e+00 1.100000000000000089e+00 2.025274976388891646e-01 2.113725488848030021e-01 2.110935838904401673e-01 2.346960187249364505e-01 1.244348451957849599e-02 3.972626912887618211e-02 7.534101089906930504e-01
1.024999999999999911e+00 1.125000000000000000e+00 2.520265607031730859e-01 2.591878747589430043e-01 2.593580151605519024e-01 2.311453501761057405e-01 1.989856256895494724e-02 3.048802215654737580e-02 7.698673415929188080e-01
1.024999999999999911e+00 1.149999999999999911e+00 3.016908803723938881e-01 3.076984797200933985e-01 3.081249351831109040e-01 2.276657950363503435e-01 4.653953122177867385e-02 2.438473719185844588e-02 7.854693135051489250e-01
1.024999999999999911e+00 1.175000000000000044e+00 3.514504051781278671e-01 3.566207431180339338e-01 3.572052860163081323e-01 2.242557047905033296e-01 6.982211415893357920e-02 2.007990242455572755e-02 8.000175018801921611e-01
1.024999999999999911e+00 1.200000000000000178e+00 4.012697188922558778e-01 4.058058087583975571e-01 4.064937215386552616e-01 2.209134700513227245e-01 9.092805702115724920e-02 1.689778066856792438e-02 8.130885908471719992e-01
1.024999999999999911e+00 1.225000000000000089e+00 4.511290140302108842e-01 4.551684901462932920e-01 4.559271245003916340e-01 2.176375198316571891e-01 1.105172023453123153e-01 1.446117294653999005e-02 8.253474000802630828e-01
1.024999999999999911e+00 1.250000000000000000e+00 5.010163543237586836e-01 5.046566698479824087e-01 5.054654601587750262e-01 2.144263208090401163e-01 1.289866104789900714e-01 1.254347163589166099e-02 8.347286725408248342e-01
1.024999999999999911e+00 1.274999999999999911e+00 5.509241211817375028e-01 5.542367313901683801e-01 5.550821440346572766e-01 2.112783765850253237e-01 1.465892787004489661e-01 1.100059230285835299e-02 8.434083277821721181e-01
1.024999999999999911e+00 1.300000000000000044e+00 6.008472245919673771e-01 6.038860442352120828e-01 6.047588472416476346e-01 2.081922269413254423e-01 1.634938187784545360e-01 9.736691392814912985e-03 8.516523567211407020e-01
1.024999999999999911e+00 1.325000000000000178e+00 6.507821350497184909e-01 6.535888267267521146e-01 6.544825306129903320e-01 2.051664470946624741e-01 1.798167316921627790e-01 8.685626519283156516e-03 8.593374022534175927e-01
1.024999999999999911e+00 1.350000000000000089e+00 7.007263283906709495e-01 7.033337432699042768e-01 7.042436689366154967e-01 2.021996469520389306e-01 1.956409281292432190e-01 7.800336729442925929e-03 8.660023469489315229e-01
1.024999999999999911e+00 1.375000000000000000e+00 7.506779517874958563e-01 7.531124447398656052e-01 7.540351441691250933e-01 1.992904703679944101e-01 2.110268899211336646e-01 7.046463600510085440e-03 8.723534195232830468e-01
1.024999999999999911e+00 1.399999999999999911e+00 8.006356145587516515e-01 8.029186474494502956e-01 8.038515314780664278e-01 1.964375944052481615e-01 2.260196788444780447e-01 6.398363732083904576e-03 8.781621354877130470e-01
1.024999999999999911e+00 1.425000000000000044e+00 8.505982525845382503e-01 8.527475326390898669e-01 8.536886247823951557e-01 1.936397285999716944e-01 2.406534941675019801e-01 5.836529932359410186e-03 8.835279525422043978e-01
1.024999999999999911e+00 1.450000000000000178e+00 9.005650377956440078e-01 9.025953436740382640e-01 9.035431131514272129e-01 1.908956142328496752e-01 2.549547262786207025e-01 5.345873811451366288e-03 8.886504039807756605e-01
1.024999999999999911e+00 1.475000000000000089e+00 9.505353161770844217e-01 9.524591090551116634e-01 9.534123549861026614e-01 1.882040236069100203e-01 2.689440562186429795e-01 4.914552435754825435e-03 8.934638337273503872e-01
1.024999999999999911e+00 1.500000000000000000e+00 1.000508564331095585e+00 1.002336447717062651e+00 1.003294217202183258e+00 1.855637593330227708e-01 2.826379319468724782e-01 4.533148466284105810e-03 8.976020078816764336e-01
