1.100000000000000089e+00 5.000000000000000000e-01 1.006018648180834862e+00 1.000504018671857454e+00 1.098795726584068377e-01 3.636001746307377935e-01 2.323620184273374467e-01 4.955249468828375192e-02 6.823667880055062085e-02
1.100000000000000089e+00 5.250000000000000222e-01 9.563333730909917563e-01 9.505305315341214811e-01 1.098795726584082949e-01 3.574325462529971409e-01 2.160900657393929336e-01 4.937982090363839116e-02 7.008737744003606940e-02
1.100000000000000089e+00 5.500000000000000444e-01 9.066827011075013765e-01 9.005599876624160727e-01 1.098795726584103072e-01 3.513967572012355323e-01 1.992320438350905776e-01 4.919968982080218101e-02 7.216404059655029402e-02
1.100000000000000089e+00 5.749999999999999556e-01 8.570726459802547881e-01 8.505929057889791700e-01 1.098795726584103211e-01 3.454897459002700399e-01 1.817208467403199079e-01 4.901223232328680290e-02 7.450304597873935730e-02
1.100000000000000089e+00 5.999999999999999778e-01 8.075106937295598586e-01 8.006299341009758264e-01 1.098795726584105015e-01 3.397085174703160515e-01 1.634729957492582209e-01 4.881758379232378764e-02 7.714957682556250473e-02
1.100000000000000089e+00 6.250000000000000000e-01 7.580062799789948347e-01 7.506718932919598242e-01 1.098795726584111676e-01 3.340501425422016668e-01 1.443833202772609736e-01 4.861588390837327106e-02 8.016041131134765685e-02
1.100000000000000089e+00 6.500000000000000222e-01 7.085714646297824881e-01 7.007198380084116440e-01 1.098795726584098353e-01 3.285117561319089163e-01 1.243174683590103080e-01 4.840727644771335159e-02 8.360784259930559292e-02
1.100000000000000089e+00 6.750000000000000444e-01 6.592219053456847000e-01 6.507751465587301443e-01 1.098795726584097243e-01 3.230905565604003105e-01 1.031011478746766685e-01 4.819190907456053635e-02 8.758529770573864059e-02
1.100000000000000089e+00 6.999999999999999556e-01 6.099782950954855121e-01 6.008396552979287097e-01 1.098795726584089749e-01 3.177838044074117185e-01 8.050432069213769859e-02 4.796993312918161612e-02 9.221557085969273038e-02
1.100000000000000089e+00 7.249999999999999778e-01 5.608685411819737121e-01 5.509158659709656458e-01 1.098795726584093913e-01 3.125888214901492157e-01 5.621738880313192910e-02 4.774150341248065144e-02 9.766318940568191609e-02
1.100000000000000089e+00 7.500000000000000000e-01 5.119311677243290060e-01 5.010072767720417097e-01 1.098795726584107235e-01 3.075029898597489986e-01 2.981427960939214694e-02 4.750677796752005022e-02 1.041535086312946889e-01
1.100000000000000089e+00 7.750000000000000222e-01 4.632208118031776456e-01 4.511189326314448689e-01 1.098795726584077259e-01 3.025237508099251071e-01 6.933527842489795034e-04 4.726591785847019528e-02 1.120031311782882510e-01
1.100000000000000089e+00 8.000000000000000444e-01 4.148174544153067633e-01 4.012583848077638793e-01 1.098795726584134713e-01 2.976486038935621803e-01 6.029061356050080533e-03 4.701908694746081974e-02 1.216700946060719213e-01
1.100000000000000089e+00 8.249999999999999556e-01 3.668426372269112390e-01 3.514374643923683372e-01 1.098795726584110566e-01 2.928751059440896087e-01 1.990288987235711016e-02 4.676645166982634771e-02 1.338399644983376269e-01
1.100000000000000089e+00 8.500000000000000888e-01 3.194894685081108854e-01 3.016758050930447022e-01 1.098795726584193555e-01 2.882008700993842765e-01 6.016438395235024217e-03 4.650818080821932099e-02 1.495798944314894463e-01
1.100000000000000089e+00 8.750000000000000000e-01 2.730815271811609102e-01 2.520085144961121681e-01 1.098795726609319012e-01 2.836235648266706155e-01 1.071284786048215532e-02 4.624444526608233186e-02 1.706262839524128605e-01
1.100000000000000089e+00 9.000000000000000222e-01 2.281962324132348896e-01 2.025050403781052388e-01 1.098795731219882887e-01 2.791409129474855533e-01 2.560694040993571896e-02 4.597541784095043188e-02 1.999397476002534035e-01
1.100000000000000089e+00 9.250000000000000444e-01 1.859395613837871442e-01 1.533241382774984674e-01 1.098796368451686878e-01 2.747506906622710354e-01 3.254332734297354923e-02 4.570127299805938625e-02 2.427633873321839997e-01
1.100000000000000089e+00 9.499999999999999556e-01 1.485716005419447094e-01 1.049204049674671568e-01 1.098856414312246732e-01 2.704507265745113020e-01 2.913147677490296461e-02 4.542218664473053613e-02 3.082610977122151041e-01
1.100000000000000089e+00 9.750000000000000888e-01 1.207208370066873426e-01 5.923083131729391104e-02 1.101751694537406456e-01 2.662389007146652720e-01 2.845391682604303529e-02 4.513833590598226309e-02 4.090673664159035217e-01
1.100000000000000089e+00 1.000000000000000000e+00 1.098795726584116811e-01 3.175360418185139977e-02 1.142395070121128148e-01 1.272471347343233875e-09 3.055025222650287198e-02 4.484989890183039424e-02 5.454400863932020727e-01
1.100000000000000089e+00 1.024999999999999911e+00 1.207208370066872594e-01 5.923083131729157957e-02 1.298770438908868341e-01 2.580714350813976821e-01 3.529952099313982128e-02 4.455705452670755129e-02 6.540284461207385158e-01
1.100000000000000089e+00 1.050000000000000044e+00 1.485716005419447094e-01 1.049204049674669348e-01 1.580694183674659636e-01 2.541118037266115737e-01 3.308324946436602687e-02 4.425998223143100263e-02 6.912499796600726221e-01
1.100000000000000089e+00 1.075000000000000178e+00 1.859395613837871442e-01 1.533241382774969130e-01 1.945644344457770347e-01 2.502323254929758045e-01 1.967478726637594821e-02 4.395886180814360944e-02 7.243520249688569779e-01
1.100000000000000089e+00 1.100000000000000089e+00 2.281962324132351394e-01 2.025050403781032959e-01 2.358317924865820370e-01 2.464311229383164548e-01 3.911941810212760107e-03 4.365387317860892902e-02 7.539609520283939714e-01
1.100000000000000089e+00 1.125000000000000000e+00 2.730815271811609102e-01 2.520085144961070611e-01 2.798619538553729913e-01 2.427063642222941353e-01 1.334946743760095922e-02 4.334519618626567206e-02 7.701773967987286529e-01
1.100000000000000089e+00 1.149999999999999911e+00 3.194894685081106078e-01 3.016758050930458124e-01 3.255719718730725187e-01 2.390562621486949091e-01 2.981876816515449669e-02 4.303301039240080283e-02 7.855681866982073824e-01
1.100000000000000089e+00 1.175000000000000044e+00 3.668426372269112390e-01 3.514374643923670050e-01 3.723597045139466211e-01 2.354790732139236398e-01 3.383137192730423237e-03 4.271749487678329349e-02 8.000082931884368032e-01
1.100000000000000089e+00 1.200000000000000178e+00 4.148174544153067633e-01 4.012583848077655446e-01 4.198729317758824187e-01 2.319730966626377677e-01 1.644376657586116286e-02 4.239882804311617681e-02 8.131340464764111875e-01
1.100000000000000089e+00 1.225000000000000089e+00 4.632208118031780342e-01 4.511189326314442027e-01 4.678949412452759749e-01 2.285366735513628678e-01 6.933527842489239923e-04 4.207718742958826280e-02 8.254387315160786054e-01
1.100000000000000089e+00 1.250000000000000000e+00 5.119311677243290060e-01 5.010072767720447073e-01 5.162862235245551101e-01 2.251681858209332865e-01 2.981427960939214694e-02 4.175274952484622770e-02 8.348061301508113985e-01
1.100000000000000089e+00 1.274999999999999911e+00 5.608685411819733790e-01 5.509158659709645356e-01 5.649533784427136496e-01 2.218660553785444522e-01 5.621738880313187359e-02 3.727485871085297470e-02 8.434342236966532180e-01
1.100000000000000089e+00 1.300000000000000044e+00 6.099782950954855121e-01 6.008396552979294869e-01 6.138317330545636219e-01 2.186287431901222655e-01 8.050432069213747655e-02 3.306915260479809104e-02 8.516330071630137111e-01
1.100000000000000089e+00 1.325000000000000178e+00 6.592219053456847000e-01 6.507751465587308104e-01 6.628751889045958468e-01 2.154547483837063182e-01 1.031011478746765575e-01 2.955391640752100951e-02 8.592915122131185024e-01
1.100000000000000089e+00 1.350000000000000089e+00 7.085714646297827102e-01 7.007198380084111999e-01 7.120500533143925281e-01 2.123426073644505141e-01 1.243174683590106411e-01 2.658121540039989211e-02 8.659939058449244165e-01
1.100000000000000089e+00 1.375000000000000000e+00 7.580062799789948347e-01 7.506718932919623777e-01 7.613311577952628362e-01 2.092908929417969244e-01 1.443833202772610291e-01 2.404161224241006464e-02 8.723780649347413485e-01
1.100000000000000089e+00 1.399999999999999911e+00 8.075106937295597476e-01 8.006299341009741610e-01 8.106993387485637026e-01 2.062982134693417402e-01 1.634729957492582764e-01 2.185256414254753421e-02 8.781725302865496241e-01
1.100000000000000089e+00 1.425000000000000044e+00 8.570726459802547881e-01 8.505929057889773937e-01 8.601397568247697301e-01 2.033632119978203145e-01 1.817208467403199079e-01 1.995074151508540589e-02 8.835232877329106671e-01
1.100000000000000089e+00 1.450000000000000178e+00 9.066827011075013765e-01 9.005599876624181821e-01 9.096407480489727693e-01 2.004845654416235190e-01 1.992320438350904110e-01 1.828681516271401380e-02 8.886323761061133419e-01
1.100000000000000089e+00 1.475000000000000089e+00 9.563333730909920893e-01 9.505305315341205930e-01 9.591930211526114025e-01 1.976609837591725427e-01 2.160900657393928226e-01 1.682183955084762608e-02 8.934787789352479637e-01
1.100000000000000089e+00 1.500000000000000000e+00 1.006018648180834862e+00 1.000504018671856787e+00 1.008789085715674716e+00 1.948912091474507280e-01 2.323620184273371692e-01 1.552469321330065231e-02 8.976102643302862338e-01
