1.000000000000000000e+00 5.000000000000000000e-01 1.000105836929717107e+00 1.003551462030193298e+00 1.454940070551870475e-02 3.404636918347964114e-01 2.994908683189517196e-01 4.955249468828370335e-02 9.065503131834073969e-03
1.000000000000000000e+00 5.250000000000000222e-01 9.501114066576032968e-01 9.537376667317589707e-01 1.454940070551857118e-02 3.347017325140719812e-01 2.866639551167436961e-01 4.937982090363916138e-02 9.314372360906597592e-03
1.000000000000000000e+00 5.500000000000000444e-01 9.001175951290418809e-01 9.039444324420222721e-01 1.454940070551733258e-02 3.290609227083823862e-01 2.736409085482516823e-01 4.919968982080243775e-02 9.594008004227494446e-03
1.000000000000000000e+00 5.749999999999999556e-01 8.501245115045734657e-01 8.541753549142806490e-01 1.454940070551798831e-02 3.235386544098510786e-01 2.604230373119238440e-01 4.901223232328688617e-02 9.909475884106566657e-03
1.000000000000000000e+00 5.999999999999999778e-01 8.001322922247855463e-01 8.044349177795169226e-01 1.454940070551895281e-02 3.181323557897234866e-01 2.470118179958387672e-01 4.881758379232341294e-02 1.026710322959500932e-02
1.000000000000000000e+00 6.250000000000000000e-01 7.501411100992193548e-01 7.547287836984513110e-01 1.454940070551991906e-02 3.128394927142314486e-01 2.334088755672794613e-01 4.861588390837290330e-02 1.067489386106890148e-02
1.000000000000000000e+00 6.500000000000000222e-01 7.001511872880670229e-01 7.050642076739754849e-01 1.454940070551988089e-02 3.076575700487557130e-01 2.196159626546050903e-01 4.840727644771362914e-02 1.114312017410551414e-02
1.000000000000000000e+00 6.750000000000000444e-01 6.501628142710790259e-01 6.554506365417148706e-01 1.454940070551778014e-02 3.025841327654433810e-01 2.056349405674798292e-01 4.819190907456031431e-02 1.168518660250084107e-02
1.000000000000000000e+00 6.999999999999999556e-01 6.001763782929894209e-01 6.059005998866004994e-01 1.454940070551634032e-02 2.976167668688065038e-01 1.914677675552734493e-01 4.796993312918201857e-02 1.231892208750662299e-02
1.000000000000000000e+00 7.249999999999999778e-01 5.501924073093789058e-01 5.564310711516224917e-01 1.454940070551812709e-02 2.927531001531518129e-01 1.771165041155156605e-01 4.774150341248060980e-02 1.306857315324982949e-02
1.000000000000000000e+00 7.500000000000000000e-01 5.002116402692859953e-01 5.070656140411622381e-01 1.454940070551506703e-02 2.879908028050399693e-01 1.625833522902466188e-01 4.750677796752005716e-02 1.396798553120515152e-02
1.000000000000000000e+00 7.750000000000000222e-01 4.502351441867788462e-01 4.578378937385372272e-01 1.454940070551361334e-02 2.833275878632376399e-01 1.478707573287135757e-01 4.726591785847016058e-02 1.506589409951836211e-02
1.000000000000000000e+00 8.000000000000000444e-01 4.002645188633258133e-01 4.087976723795555545e-01 1.454940070551764483e-02 2.787612115480151420e-01 1.329816177534963173e-01 4.701908694746077810e-02 1.643515647101900790e-02
1.000000000000000000e+00 8.249999999999999556e-01 3.503022766995523840e-01 3.600215784407104769e-01 1.454940070551911588e-02 2.742894734708994919e-01 1.179196758228287512e-01 4.676645166982646568e-02 1.818985282595525499e-02
1.000000000000000000e+00 8.500000000000000888e-01 3.003526012221131580e-01 3.116336582318142145e-01 1.454940070560117177e-02 2.699102167353797377e-01 1.026901973351793118e-01 4.650818080821907119e-02 2.051937604280829053e-02
1.000000000000000000e+00 8.750000000000000000e-01 2.504230122430639582e-01 2.638475638374202514e-01 1.454940072455464944e-02 2.656213279384045389e-01 8.730110915378025416e-02 4.624444526608286615e-02 2.376313909322003148e-02
1.000000000000000000e+00 9.000000000000000222e-01 2.005285143337220966e-01 2.170611364176940894e-01 1.454940420653229316e-02 2.614207370818757425e-01 7.176492575048293299e-02 4.597541784095019596e-02 2.859637438733564352e-02
1.000000000000000000e+00 9.250000000000000444e-01 1.507039649806526382e-01 1.720916527404541818e-01 1.454988544700464709e-02 2.573064174027578366e-01 5.610264548390758721e-02 4.570127299805959442e-02 3.658297133109328358e-02
1.000000000000000000e+00 9.499999999999999556e-01 1.010528824966899220e-01 1.308263618042695697e-01 1.459516241933213679e-02 2.532763851298424074e-01 4.035750273792926279e-02 4.542218664473047368e-02 5.234916483309920432e-02
1.000000000000000000e+00 9.750000000000000888e-01 5.207384238645936664e-02 9.805884428720317014e-02 1.663527990312282934e-02 2.493286991746306580e-01 2.472831181063089856e-02 4.513833590598222145e-02 9.790804367400296471e-02
1.000000000000000000e+00 1.000000000000000000e+00 1.454940070552078468e-02 8.435364214390125848e-02 3.447940741465289893e-02 6.684071564623907805e-07 4.843828767353824949e-02 4.484989890183011668e-02 5.148940802974966147e-01
1.000000000000000000e+00 1.024999999999999911e+00 5.207384238645917235e-02 9.805884428720106072e-02 7.075458361922265516e-02 2.416728130162146826e-01 2.472831181063156469e-02 4.455705452670729455e-02 6.537493669209539782e-01
1.000000000000000000e+00 1.050000000000000044e+00 1.010528824966899220e-01 1.308263618042651566e-01 1.145604888097285223e-01 2.379609404809055195e-01 4.035750273792937382e-02 4.001764664187140025e-02 6.912205485269815597e-01
1.000000000000000000e+00 1.075000000000000178e+00 1.507039649806526382e-01 1.720916527404587892e-01 1.612249475872120086e-01 2.343240686241217507e-01 5.610264548390758721e-02 2.548608969922881023e-02 7.254500603069318210e-01
1.000000000000000000e+00 1.100000000000000089e+00 2.005285143337222631e-01 2.170611364176968094e-01 2.091764779336568458e-01 2.307604632879796669e-01 7.176492575048365463e-02 1.826142635426190527e-02 7.532980278926110218e-01
1.000000000000000000e+00 1.125000000000000000e+00 2.504230122430639582e-01 2.638475638374214172e-01 2.578000732913758863e-01 2.272684301149374975e-01 8.730110915378008762e-02 1.397823020205329198e-02 7.698059029471829851e-01
1.000000000000000000e+00 1.149999999999999911e+00 3.003526012221131580e-01 3.116336582318085524e-01 3.068147216849541059e-01 2.238463139459283546e-01 1.026901973351788677e-01 1.116370450552325866e-02 7.854521960881598597e-01
1.000000000000000000e+00 1.175000000000000044e+00 3.503022766995523840e-01 3.600215784407116981e-01 3.560757140258387077e-01 2.204924981955939944e-01 1.179196758228288067e-01 9.184633661757958534e-03 8.000281028277963502e-01
1.000000000000000000e+00 1.200000000000000178e+00 4.002645188633258133e-01 4.087976723795522238e-01 4.055014715279947612e-01 2.172054042082867675e-01 1.329816177534965949e-01 7.724525520290875802e-03 8.130525835669353274e-01
1.000000000000000000e+00 1.225000000000000089e+00 4.502351441867793458e-01 4.578378937385371716e-01 4.550426799941043043e-01 2.139834905981428670e-01 1.478707573287135202e-01 6.607931887930275361e-03 8.252722155357936629e-01
1.000000000000000000e+00 1.250000000000000000e+00 5.002116402692859953e-01 5.070656140411609059e-01 5.046678404401663265e-01 2.108252525763039398e-01 1.625833522902467299e-01 5.729923536123934791e-03 8.347118205213841513e-01
1.000000000000000000e+00 1.274999999999999911e+00 5.501924073093789058e-01 5.564310711516193830e-01 5.543559185100562781e-01 2.077292212680156291e-01 1.771165041155153275e-01 5.023989612939082708e-03 8.434032272062539359e-01
1.000000000000000000e+00 1.300000000000000044e+00 6.001763782929894209e-01 6.059005998865953924e-01 6.040923448265735907e-01 2.046939630221791262e-01 1.914677675552733382e-01 4.445986167821397265e-03 8.516575574904271528e-01
1.000000000000000000e+00 1.325000000000000178e+00 6.501628142710790259e-01 6.554506365417165359e-01 6.538667147351978626e-01 2.017180787156130917e-01 2.056349405674797182e-01 3.965499470603258553e-03 8.593626530014210063e-01
1.000000000000000000e+00 1.350000000000000089e+00 7.001511872880672449e-01 7.050642076739830344e-01 7.036714027145907213e-01 1.988002030541167198e-01 2.196159626546056454e-01 3.560917166505877043e-03 8.660086105364732667e-01
1.000000000000000000e+00 1.375000000000000000e+00 7.501411100992193548e-01 7.547287836984495346e-01 7.535006943614377395e-01 1.959390038722185201e-01 2.334088755672793503e-01 3.216475984077376768e-03 8.723428880141483877e-01
1.000000000000000000e+00 1.399999999999999911e+00 8.001322922247853242e-01 8.044349177795181438e-01 8.033502240123282512e-01 1.931331814332891694e-01 2.470118179958390447e-01 2.920420237772882507e-03 8.781598539547846860e-01
1.000000000000000000e+00 1.425000000000000044e+00 8.501245115045734657e-01 8.541753549142847568e-01 8.532165996063808544e-01 1.903814677315642245e-01 2.604230373119238440e-01 2.663812933679043579e-03 8.835292738220692499e-01
1.000000000000000000e+00 1.450000000000000178e+00 9.001175951290418809e-01 9.039444324420321530e-01 9.030971459839656212e-01 1.876826257974253953e-01 2.736409085482514603e-01 2.439745098644949955e-03 8.886549205672797935e-01
1.000000000000000000e+00 1.475000000000000089e+00 9.501114066576031858e-01 9.537376667317576384e-01 9.529897252337852231e-01 1.850354490071681457e-01 2.866639551167435851e-01 2.242796197788918082e-03 8.934601975391123219e-01
1.000000000000000000e+00 1.500000000000000000e+00 1.000105836929717107e+00 1.003551462030190855e+00 1.002892608424433174e+00 1.824387603983472772e-01 2.994908683189516085e-01 2.068657459887483785e-03 8.976000231844287747e-01
