1.074999999999999956e+00 5.000000000000000000e-01 1.003468138514234331e+00 1.000881083690322804e+00 8.335649352763231656e-02 3.578489681369475539e-01 2.490516071715257462e-01 4.955249468828345355e-02 5.183980430637513681e-02
1.074999999999999956e+00 5.250000000000000222e-01 9.536499908316584673e-01 9.509274124185959076e-01 8.335649352763339903e-02 3.517819951819874391e-01 2.336313372003261946e-01 4.937982090363868953e-02 5.325314691148236301e-02
1.074999999999999956e+00 5.500000000000000444e-01 9.038519264864255387e-01 9.009788808230317914e-01 8.335649352763296882e-02 3.458441996718082390e-01 2.177197407901880766e-01 4.919968982080193121e-02 5.483997977547155900e-02
1.074999999999999956e+00 5.749999999999999556e-01 8.540774584387660351e-01 8.510363938687484087e-01 8.335649352763252473e-02 3.400326339470758352e-01 2.012658877244057898e-01 4.901223232328669188e-02 5.662850528545193551e-02
1.074999999999999956e+00 5.999999999999999778e-01 8.043309673344813948e-01 8.011010820671283783e-01 8.335649352763296882e-02 3.343444093525070326e-01 1.842062382900280237e-01 4.881758379232364886e-02 5.865383635284682207e-02
1.074999999999999956e+00 6.250000000000000000e-01 7.546179861447925852e-01 7.511743763528716533e-01 8.335649352763271902e-02 3.287766957296311965e-01 1.664604665494598956e-01 4.861588390837327106e-02 6.096022216837609919e-02
1.074999999999999956e+00 6.500000000000000222e-01 7.049456042938511136e-01 7.012581148829051259e-01 8.335649352763555009e-02 3.233267209014513144e-01 1.479255464289983557e-01 4.840727644771369853e-02 6.360419574674924803e-02
1.074999999999999956e+00 6.750000000000000444e-01 6.553230539308244618e-01 6.513546988309244501e-01 8.335649352763355169e-02 3.179917701421701715e-01 1.284671984958717372e-01 4.819190907456027961e-02 6.665911960074610842e-02
1.074999999999999956e+00 6.999999999999999556e-01 6.057625813907814294e-01 6.014673255374094474e-01 8.335649352763460640e-02 3.127691856270233828e-01 1.079072188277496180e-01 4.796993312918174102e-02 7.022190802058525527e-02
1.074999999999999956e+00 7.249999999999999778e-01 5.562807789356225552e-01 5.516003477964157575e-01 8.335649352763488396e-02 3.076563658588397088e-01 8.600418723265212950e-02 4.774150341248076246e-02 7.442323894710850540e-02
1.074999999999999956e+00 7.500000000000000000e-01 5.069006855521331900e-01 5.017598466289704406e-01 8.335649352763463416e-02 3.026507650691976914e-01 6.242316134053754739e-02 4.750677796752027920e-02 7.944355021900084690e-02
1.074999999999999956e+00 7.750000000000000222e-01 4.576552250474399397e-01 4.519545814450011134e-01 8.335649352763443987e-02 2.977498925930842644e-01 3.668631744073291845e-02 4.726591785847016058e-02 8.553899644080087405e-02
1.074999999999999956e+00 8.000000000000000444e-01 4.085930799869507135e-01 4.021976425703243097e-01 8.335649352762797282e-02 2.929513122167802797e-01 8.089113894394317494e-03 4.701908694746093076e-02 9.308532566323429736e-02
1.074999999999999956e+00 8.249999999999999556e-01 3.597892508305701176e-01 3.525094944666404828e-01 8.335649352763239983e-02 2.882526414993826780e-01 1.210095946749867313e-02 4.676645166982596608e-02 1.026556659184263975e-01
1.074999999999999956e+00 8.500000000000000888e-01 3.113652276880367609e-01 3.029239899531346869e-01 8.335649352764942788e-02 2.836515510688485397e-01 5.033827434078985696e-03 4.650818080821922385e-02 1.151663300603159579e-01
1.074999999999999956e+00 8.750000000000000000e-01 2.635304631598079372e-01 2.535013682194360296e-01 8.335649353095483938e-02 2.791457638938645847e-01 2.667948118346147313e-02 4.624444526608226247e-02 1.321684013466017937e-01
1.074999999999999956e+00 9.000000000000000222e-01 2.166755754883851193e-01 2.043598387382563608e-01 8.335649413871742963e-02 2.747330545331492235e-01 1.367130479365852302e-02 4.597541784095075801e-02 1.564748242249662802e-01
1.074999999999999956e+00 9.250000000000000444e-01 1.716050844620372606e-01 1.557656691608452215e-01 8.335657813786470638e-02 2.704112483639791176e-01 3.112267981013938645e-03 4.570127299805935850e-02 1.936072500607332048e-01
1.074999999999999956e+00 9.499999999999999556e-01 1.301856559426689541e-01 1.084571052957155196e-01 8.336449315133648286e-02 2.661782207919122234e-01 4.192319051730841739e-03 4.542218664473063328e-02 2.551829333796520882e-01
1.074999999999999956e+00 9.750000000000000888e-01 9.720239201389527239e-02 6.529122214453622619e-02 8.374576102578486225e-02 2.620318964437343690e-01 7.569030447677982387e-03 4.513833590598222839e-02 3.642644592219882460e-01
1.074999999999999956e+00 1.000000000000000000e+00 8.335649352763686848e-02 4.198742298744422008e-02 8.902499361414410728e-02 1.675103193499844680e-09 6.670038831395552759e-03 4.484989890183030403e-02 5.373180189969215537e-01
1.074999999999999956e+00 1.024999999999999911e+00 9.720239201389516137e-02 6.529122214453560169e-02 1.083643440226681465e-01 2.539912970893780098e-01 1.590335654949370792e-03 4.455705452670731537e-02 6.536279351113183367e-01
1.074999999999999956e+00 1.050000000000000044e+00 1.301856559426689541e-01 1.084571052957154780e-01 1.409280864436094349e-01 2.500931099864770468e-01 7.165409792272425804e-03 4.425998223143102345e-02 6.912093037028091969e-01
1.074999999999999956e+00 1.075000000000000178e+00 1.716050844620372606e-01 1.557656691608466371e-01 1.809146309087040216e-01 2.462738002158581518e-01 1.884459608642258255e-02 4.395886180814363720e-02 7.246873799522730586e-01
1.074999999999999956e+00 1.100000000000000089e+00 2.166755754883854523e-01 2.043598387382539183e-01 2.247029569744533606e-01 2.425315259634929221e-01 3.264119163735013096e-02 4.365387317860881800e-02 7.537410079367964366e-01
1.074999999999999956e+00 1.125000000000000000e+00 2.635304631598079372e-01 2.535013682194352524e-01 2.705503608228466694e-01 2.388644895579766780e-01 1.396539636361621151e-02 4.334519618626612308e-02 7.700520436553559556e-01
1.074999999999999956e+00 1.149999999999999911e+00 3.113652276880365388e-01 3.029239899531341318e-01 3.176033586014948007e-01 2.352709366031447702e-01 1.000427901984185519e-02 4.303301039240049752e-02 7.855258822860141654e-01
1.074999999999999956e+00 1.175000000000000044e+00 3.597892508305701176e-01 3.525094944666389285e-01 3.654128269113487981e-01 2.317491551095194058e-01 7.232525629225550201e-03 4.271749487678350166e-02 8.000088278302044387e-01
1.074999999999999956e+00 1.200000000000000178e+00 4.085930799869507135e-01 4.021976425703234215e-01 4.137246226219789547e-01 2.282974746261796917e-01 8.089113894394039939e-03 4.239882804311619763e-02 8.131307290151783551e-01
1.074999999999999956e+00 1.225000000000000089e+00 4.576552250474401617e-01 4.519545814450012244e-01 4.623856189032587993e-01 2.249142653745503095e-01 3.668631744073336254e-02 3.731441440153916711e-02 8.254321838668552402e-01
1.074999999999999956e+00 1.250000000000000000e+00 5.069006855521331900e-01 5.017598466289696635e-01 5.112985909689937714e-01 2.215979373855016532e-01 6.242316134053765841e-02 3.243628103153076148e-02 8.347755938566188139e-01
1.074999999999999956e+00 1.274999999999999911e+00 5.562807789356222221e-01 5.516003477964169788e-01 5.603990581179302266e-01 2.183469396410392116e-01 8.600418723265224052e-02 2.849306014310565988e-02 8.434235638618047259e-01
1.074999999999999956e+00 1.300000000000000044e+00 6.057625813907814294e-01 6.014673255374108907e-01 6.096426666748300249e-01 2.151597592217619481e-01 1.079072188277495070e-01 2.525132258816373265e-02 8.516397978579905992e-01
1.074999999999999956e+00 1.325000000000000178e+00 6.553230539308244618e-01 6.513546988309230068e-01 6.589979518867521424e-01 2.120349204611804150e-01 1.284671984958717372e-01 2.254804552477581575e-02 8.593022979244788750e-01
1.074999999999999956e+00 1.350000000000000089e+00 7.049456042938513356e-01 7.012581148829029054e-01 7.084419968851807248e-01 2.089709841078852270e-01 1.479255464289983557e-01 2.026617258350490308e-02 8.659954954600430632e-01
1.074999999999999956e+00 1.375000000000000000e+00 7.546179861447925852e-01 7.511743763528679896e-01 7.579577272879386429e-01 2.059665464964423598e-01 1.664604665494598956e-01 1.831962966204689000e-02 8.723715345310849578e-01
1.074999999999999956e+00 1.399999999999999911e+00 8.043309673344809507e-01 8.011010820671282673e-01 8.075321680112754752e-01 2.030202387278449705e-01 1.842062382900274131e-01 1.664380804750991219e-02 8.781684153255339131e-01
1.074999999999999956e+00 1.425000000000000044e+00 8.540774584387660351e-01 8.510363938687481866e-01 8.571552868624232602e-01 2.001307258602203210e-01 2.012658877244057898e-01 1.518933167494046846e-02 8.835248985784137643e-01
1.074999999999999956e+00 1.450000000000000178e+00 9.038519264864255387e-01 9.009788808230339008e-01 9.068192074701125760e-01 1.972967061104476116e-01 2.177197407901880766e-01 1.391786403318245879e-02 8.886390690081720223e-01
1.074999999999999956e+00 1.475000000000000089e+00 9.536499908316586893e-01 9.509274124185986832e-01 9.565176612867618555e-01 1.945169100672526075e-01 2.336313372003267497e-01 1.279921957490293138e-02 8.934731116788618976e-01
1.074999999999999956e+00 1.500000000000000000e+00 1.003468138514234331e+00 1.000881083690325024e+00 1.006245598243630246e+00 1.917900999162551190e-01 2.490516071715259683e-01 1.180933145339663204e-02 8.976071151079167976e-01
