1.375000000000000000e+00 5.000000000000000000e-01 1.078647385332348163e+00 1.000000135776617061e+00 4.043268255808782907e-01 4.252660171963204006e-01 5.932870354685593206e-02 4.955249468828359233e-02 2.412785725450031227e-01
1.375000000000000000e+00 5.250000000000000222e-01 1.032463162482958552e+00 9.500001429227504790e-01 4.043268255808754041e-01 4.180326327380545770e-01 3.515116227241937841e-02 4.937982090363896709e-02 2.469443166329655104e-01
1.375000000000000000e+00 5.500000000000000444e-01 9.866509929475126839e-01 9.000001508629020819e-01 4.043268255808782907e-01 4.109592675856859056e-01 9.677830860255920431e-03 4.919968982080209774e-02 2.532096004877429918e-01
1.375000000000000000e+00 5.749999999999999556e-01 9.412652027374179831e-01 8.500001597371903417e-01 4.043268255808796230e-01 4.040416451995213487e-01 5.708195775998847754e-03 4.901223232328642820e-02 2.601477265031201802e-01
1.375000000000000000e+00 5.999999999999999778e-01 8.963705605854718206e-01 8.000001697207612672e-01 4.043268255808809553e-01 3.972756367197695093e-01 4.028204091043929846e-03 4.881758379232400274e-02 2.678443267413052054e-01
1.375000000000000000e+00 6.250000000000000000e-01 8.520447065056575564e-01 7.500001810354779419e-01 4.043268255808767364e-01 3.906572529206641664e-01 8.867341661430605537e-03 4.861588390837310453e-02 2.763995573014721985e-01
1.375000000000000000e+00 6.500000000000000222e-01 8.083812107442333028e-01 7.000001939665785322e-01 4.043268255808801781e-01 3.841826368701074523e-01 1.017771572732822927e-02 4.840727644771344873e-02 2.859305977225819473e-01
1.375000000000000000e+00 6.750000000000000444e-01 7.654934238021332549e-01 6.500002088870808770e-01 4.043268255808790679e-01 3.778480572161796447e-01 7.254049855850985828e-03 4.819190907456006451e-02 2.965743946600394865e-01
1.375000000000000000e+00 6.999999999999999556e-01 7.235193030488626942e-01 6.000002262943306963e-01 4.043268255808785683e-01 3.716499020314185664e-01 7.427769542015572046e-03 4.796993312918139407e-02 3.084904812670831720e-01
1.375000000000000000e+00 7.249999999999999778e-01 6.826274107331995467e-01 5.500002468665403654e-01 4.043268255808779021e-01 3.655846731540885464e-01 2.141908591034258347e-02 4.774150341248051266e-02 3.218635084642857414e-01
1.375000000000000000e+00 7.500000000000000000e-01 6.430242467312664578e-01 5.000002715531746134e-01 4.043268255808761258e-01 3.596489809729533360e-01 1.286569325064473857e-02 4.750677796752009185e-02 3.369047874989519742e-01
1.375000000000000000e+00 7.750000000000000222e-01 6.049629591010615703e-01 4.500003017257371285e-01 4.043268255808750156e-01 3.538395396084246802e-01 4.555172841199883749e-03 4.726591785847011201e-02 3.538515921913114592e-01
1.375000000000000000e+00 8.000000000000000444e-01 5.687531818674183004e-01 4.000003394414212710e-01 4.043268255808790679e-01 3.481531624485434406e-01 2.522512385625230724e-03 4.701908694746102790e-02 3.729621295226351330e-01
1.375000000000000000e+00 8.249999999999999556e-01 5.347711490762312447e-01 3.500003879330022549e-01 4.043268255808790679e-01 3.425867580031208837e-01 8.245177989872676250e-03 4.676645166982620894e-02 3.945029457767221803e-01
1.375000000000000000e+00 8.500000000000000888e-01 5.034681537935767892e-01 3.000004525884112372e-01 4.043268255808835643e-01 3.371373260436882346e-01 1.250751051084542098e-02 4.650818080821890466e-02 4.187243046328274487e-01
1.375000000000000000e+00 8.750000000000000000e-01 4.753737286433830089e-01 2.500005431059202365e-01 4.043268255815634649e-01 3.318019540006175161e-01 1.522708875510708770e-02 4.624444526608276207e-02 4.458185134288317752e-01
1.375000000000000000e+00 9.000000000000000222e-01 4.510877762523750611e-01 2.000006788819828352e-01 4.043268257068576288e-01 3.265778135921214576e-01 1.634948053798129797e-02 4.597541784095066086e-02 4.758580116480465305e-01
1.375000000000000000e+00 9.250000000000000444e-01 4.312541963671919776e-01 1.500009051747809019e-01 4.043268430242304978e-01 2.799298001458054852e-01 1.585179269350867060e-02 4.570127299805926135e-02 5.087169659772426966e-01
1.375000000000000000e+00 9.499999999999999556e-01 4.165095219611584798e-01 1.000013577570549039e-01 4.043284748684747854e-01 1.904311149844801765e-01 1.374420764464584499e-02 4.542218664473030021e-02 5.439940339599995678e-01
1.375000000000000000e+00 9.750000000000000888e-01 4.074066541973910827e-01 5.000271545880783514e-02 4.044072568103529997e-01 9.644053381665393387e-02 1.006929679328966154e-02 4.513833590598199941e-02 5.809711400154743410e-01
1.375000000000000000e+00 1.000000000000000000e+00 4.043268255808817324e-01 5.211077187437112863e-04 4.055333850117489591e-01 3.874564081782619390e-10 4.899205020241048647e-03 4.484989890183067873e-02 6.186493625834221799e-01
1.375000000000000000e+00 1.024999999999999911e+00 4.074066541973911382e-01 5.000271545880693308e-02 4.102130031173437663e-01 9.644053381665299018e-02 1.668916558969169017e-03 4.455705452670725292e-02 6.558800135662332664e-01
1.375000000000000000e+00 1.050000000000000044e+00 4.165095219611584798e-01 1.000013577570525725e-01 4.199911932645057355e-01 1.904311149844802320e-01 9.518654126946912708e-03 4.425998223143155774e-02 6.915581295562827080e-01
1.375000000000000000e+00 1.075000000000000178e+00 4.312541963671919776e-01 1.500009051747829281e-01 4.350425043003486314e-01 2.799298001458055962e-01 1.852058905460790550e-02 4.395886180814362332e-02 7.242738922710963978e-01
1.375000000000000000e+00 1.100000000000000089e+00 4.510877762523751722e-01 2.000006788819777559e-01 4.549981271875152000e-01 2.884751086187383184e-01 2.853845159648554786e-02 4.365387317860844330e-02 7.480916143131810525e-01
1.375000000000000000e+00 1.125000000000000000e+00 4.753737286433830089e-01 2.500005431059149075e-01 4.793009228161987934e-01 2.841372581572398914e-01 2.654434700105340328e-02 4.334519618626551940e-02 7.692234317815566103e-01
1.375000000000000000e+00 1.149999999999999911e+00 5.034681537935763451e-01 3.000004525884129025e-01 5.073497514200987490e-01 2.798863783884388834e-01 1.286543408453794113e-02 4.303301039239982445e-02 7.872289072063675119e-01
1.375000000000000000e+00 1.175000000000000044e+00 5.347711490762312447e-01 3.500003879330040313e-01 5.385707111813948789e-01 2.757203939120581038e-01 1.573502148017269509e-03 4.271749487678361962e-02 8.003728255119575419e-01
1.375000000000000000e+00 1.200000000000000178e+00 5.687531818674183004e-01 4.000003394414234359e-01 5.724508190532946461e-01 2.716372851373851649e-01 1.659648303951599679e-02 4.239882804311607967e-02 8.128129465853405344e-01
1.375000000000000000e+00 1.225000000000000089e+00 6.049629591010616814e-01 4.500003017257382387e-01 6.085493714068226367e-01 2.676350865741331519e-01 3.077374257355497411e-02 4.207718742958833219e-02 8.243992470166702224e-01
1.375000000000000000e+00 1.250000000000000000e+00 6.430242467312664578e-01 5.000002715531790543e-01 6.464968105087347539e-01 2.637118851922694018e-01 1.178711994885761616e-02 4.175274952484658852e-02 8.352898064785418963e-01
1.375000000000000000e+00 1.274999999999999911e+00 6.826274107331993246e-01 5.500002468665371458e-01 6.859875955223634358e-01 2.598658188462694696e-01 7.258913924447885080e-03 4.142568958964276682e-02 8.438022036521999336e-01
1.375000000000000000e+00 1.300000000000000044e+00 7.235193030488626942e-01 6.000002262943355813e-01 7.267709803655386658e-01 2.560950747596992261e-01 2.624269843367521560e-02 4.109618148441886165e-02 8.516633514565263852e-01
1.375000000000000000e+00 1.325000000000000178e+00 7.654934238021332549e-01 6.500002088870813211e-01 7.686417744710608568e-01 2.523978880664294322e-01 6.720191543851894433e-03 4.076439750305063670e-02 8.591421199906355000e-01
1.375000000000000000e+00 1.350000000000000089e+00 8.083812107442334138e-01 7.000001939665821959e-01 8.114320303153881309e-01 2.487725404051243649e-01 1.522467901758001174e-02 4.043050821296205466e-02 8.660374567350349606e-01
1.375000000000000000e+00 1.375000000000000000e+00 8.520447065056575564e-01 7.500001810354757215e-01 8.550039726379006222e-01 2.452173585639728648e-01 6.153071409820187743e-03 4.009468230179794035e-02 8.723180077663376109e-01
1.375000000000000000e+00 1.399999999999999911e+00 8.963705605854710434e-01 8.000001697207619333e-01 8.992441710926324383e-01 2.417307131728971825e-01 1.535484684674293110e-02 3.975708643081426324e-02 8.782871359476669415e-01
1.375000000000000000e+00 1.425000000000000044e+00 9.412652027374179831e-01 8.500001597371906747e-01 9.440588237325535648e-01 2.383110174407210846e-01 1.002304963512418157e-02 3.941788509512637873e-02 8.835295806815969266e-01
1.375000000000000000e+00 1.450000000000000178e+00 9.866509929475126839e-01 9.000001508629087432e-01 9.893699772622046584e-01 2.349567259349880644e-01 9.677830860255975942e-03 3.907724049093591612e-02 8.885422445034902861e-01
1.375000000000000000e+00 1.475000000000000089e+00 1.032463162482958996e+00 9.500001429227531435e-01 1.035112512350507386e+00 2.316663334023443266e-01 3.515116227241865676e-02 3.873531238983293767e-02 8.933306347741696296e-01
1.375000000000000000e+00 1.500000000000000000e+00 1.078647385332348163e+00 1.000000135776617061e+00 1.081231742438121479e+00 2.284383736275248378e-01 5.932870354685587655e-02 3.839225802024238965e-02 8.976771531508915825e-01
