1.050000000000000044e+00 5.000000000000000000e-01 1.001630134971977171e+00 1.001469072897372747e+00 5.712203851387766262e-02 3.520755155594785801e-01 2.658175118680327631e-01 4.955249468828369641e-02 3.556126713958501773e-02
1.050000000000000044e+00 5.250000000000000222e-01 9.517157807265679281e-01 9.515462700099888149e-01 5.712203851387886999e-02 3.461097216891880768e-01 2.512578781399423256e-01 4.937982090363879362e-02 3.653445699639834565e-02
1.050000000000000044e+00 5.500000000000000444e-01 9.018109154828305440e-01 9.016320224847393927e-01 5.712203851387837039e-02 3.402704350693471769e-01 2.363040851051698144e-01 4.919968982080175079e-02 3.762757072249817147e-02
1.050000000000000044e+00 5.749999999999999556e-01 8.519172068246898544e-01 8.517278344459082717e-01 5.712203851387870346e-02 3.345548217313309980e-01 2.209221772955647922e-01 4.901223232328684454e-02 3.886023994676701676e-02
1.050000000000000044e+00 5.999999999999999778e-01 8.020367368668228636e-01 8.018355841255178085e-01 5.712203851387647607e-02 3.289600990474857434e-01 2.050696699929654421e-01 4.881758379232331579e-02 4.025694917106809045e-02
1.050000000000000044e+00 6.250000000000000000e-01 7.521721393962828017e-01 7.519576477235381251e-01 5.712203851387966103e-02 3.234835359013416567e-01 1.886926691962840796e-01 4.861588390837319473e-02 4.184861747792989473e-02
1.050000000000000044e+00 6.500000000000000222e-01 7.023267952199894193e-01 7.020970758876012852e-01 5.712203851387877979e-02 3.181224527818948267e-01 1.717217789521186533e-01 4.840727644771313648e-02 4.367484538478494382e-02
1.050000000000000044e+00 6.750000000000000444e-01 6.525051166726441032e-01 6.522578508304177625e-01 5.712203851387863407e-02 3.128742218024184174e-01 1.540661558445489132e-01 4.819190907456047390e-02 4.578717738567605888e-02
1.050000000000000044e+00 6.999999999999999556e-01 6.027129725532553994e-01 6.024452705183434009e-01 5.712203851387719078e-02 3.077362666453099527e-01 1.356046518433901560e-01 4.796993312918149122e-02 4.825395873083798692e-02
1.050000000000000044e+00 7.249999999999999778e-01 5.529583413639596046e-01 5.526665395787229151e-01 5.712203851387592790e-02 3.027060624352913010e-01 1.161722330271470760e-01 4.774150341248049184e-02 5.116777413098544391e-02
1.050000000000000044e+00 7.500000000000000000e-01 5.032523495066671959e-01 5.029317090519547229e-01 5.712203851387320785e-02 2.977811355439368701e-01 9.553844674472389276e-02 4.750677796751995308e-02 5.465722101167708180e-02
1.050000000000000044e+00 7.750000000000000222e-01 4.536109867320025635e-01 4.532552304937277343e-01 5.712203851387846060e-02 2.929590633289243518e-01 7.337192251330398873e-02 4.726591785846993854e-02 5.890626934200221543e-02
1.050000000000000044e+00 8.000000000000000444e-01 4.040580741477405868e-01 4.036586478324473148e-01 5.712203851387777365e-02 2.882374738117751134e-01 4.917908596370912377e-02 4.701908694746105566e-02 6.418756514925116896e-02
1.050000000000000044e+00 8.249999999999999556e-01 3.546306914016061351e-01 3.541755270623907492e-01 5.712203851387848141e-02 2.836140452980377424e-01 2.219234993484758833e-02 4.676645166982631996e-02 7.092289417980840449e-02
1.050000000000000044e+00 8.500000000000000888e-01 3.053897956448138329e-01 3.048611224310466272e-01 5.712203851389695275e-02 2.790865059440118534e-01 5.162435485401795088e-03 4.650818080821944589e-02 7.980038503109393444e-02
1.050000000000000044e+00 8.750000000000000000e-01 2.564428343393144183e-01 2.558130254109836077e-01 5.712203851872644372e-02 2.746526332741545118e-01 1.816930747653389133e-02 4.624444526608249839e-02 9.202084351812128693e-02
1.050000000000000044e+00 9.000000000000000222e-01 2.079974213397394744e-01 2.072204236312624182e-01 5.712203940561037807e-02 2.703102536532983047e-01 1.524338076439868406e-03 4.597541784095056372e-02 1.098708652718511924e-01
1.050000000000000044e+00 9.250000000000000444e-01 1.605083402318431551e-01 1.595001691846155423e-01 5.712216198300343328e-02 2.660572417177731186e-01 1.971187990225348186e-02 4.570127299805946952e-02 1.382385245628003356e-01
1.050000000000000044e+00 9.499999999999999556e-01 1.151647831760263391e-01 1.137554568797525117e-01 5.713371149450904851e-02 2.618915197693919561e-01 3.454585926126041429e-02 4.542218664473003653e-02 1.892772068365933258e-01
1.050000000000000044e+00 9.750000000000000888e-01 7.591394657097699783e-02 7.375841626500018178e-02 5.768860165185733802e-02 2.578110571361834635e-01 3.612319337140523778e-02 4.513833590598199247e-02 2.978872154587981491e-01
1.050000000000000044e+00 1.000000000000000000e+00 5.712203851387960551e-02 5.422456979931830623e-02 6.511583339524132374e-02 2.481000421383552863e-09 3.686923636971611851e-02 4.484989890183037342e-02 5.289719460268069717e-01
1.050000000000000044e+00 1.024999999999999911e+00 7.591394657097683130e-02 7.375841626500151404e-02 8.976331837794998547e-02 2.498980182195416899e-01 3.870761596634064716e-02 4.455705452670759986e-02 6.534482064069564444e-01
1.050000000000000044e+00 1.050000000000000044e+00 1.151647831760263530e-01 1.137554568797503052e-01 1.271823408316389847e-01 2.460616095772116818e-01 2.569837904434729703e-02 4.425998223143073895e-02 6.911944546499008135e-01
1.050000000000000044e+00 1.075000000000000178e+00 1.605083402318431551e-01 1.595001691846170688e-01 1.704251329692618722e-01 2.423027940779318157e-01 8.496544738737288327e-03 4.395886180814373434e-02 7.249992092665092924e-01
1.050000000000000044e+00 1.100000000000000089e+00 2.079974213397396965e-01 2.072204236312628067e-01 2.163470386758776232e-01 2.386197656780057186e-01 1.080990898240241638e-02 4.365387317860858901e-02 7.535575940919934101e-01
1.050000000000000044e+00 1.125000000000000000e+00 2.564428343393144183e-01 2.558130254109789448e-01 2.636515124404383847e-01 2.350107610217895826e-01 2.045885320030893517e-02 4.334519618626600512e-02 7.699490676233028408e-01
1.050000000000000044e+00 1.149999999999999911e+00 3.053897956448136108e-01 3.048611224310494583e-01 3.117475191011243041e-01 2.314740586638586173e-01 8.848024286241540359e-03 4.303301039240021303e-02 7.854934392979306956e-01
1.050000000000000044e+00 1.175000000000000044e+00 3.546306914016061351e-01 3.541755270623875296e-01 3.603347836971919627e-01 2.280079782826605617e-01 2.219234993484769936e-02 3.568741969806497882e-02 8.000115987104087223e-01
1.050000000000000044e+00 1.200000000000000178e+00 4.040580741477405868e-01 4.036586478324483140e-01 4.092464851827762873e-01 2.246108798879723478e-01 4.917908596370917929e-02 3.008080280314796850e-02 8.131152361599784939e-01
1.050000000000000044e+00 1.225000000000000089e+00 4.536109867320027855e-01 4.532552304937222942e-01 4.583831179693552138e-01 2.212811630242465799e-01 7.337192251330421078e-02 2.577259242752732993e-02 8.254013705390607081e-01
1.050000000000000044e+00 1.250000000000000000e+00 5.032523495066671959e-01 5.029317090519562772e-01 5.076818604181490002e-01 2.180172659718007666e-01 9.553844674472394827e-02 2.237346194651754563e-02 8.347498583917577486e-01
1.050000000000000044e+00 1.274999999999999911e+00 5.529583413639592715e-01 5.526665395787231372e-01 5.571011816629187763e-01 2.148176649476392086e-01 1.161722330271470205e-01 1.963374893711095776e-02 8.434150259840224040e-01
1.050000000000000044e+00 1.300000000000000044e+00 6.027129725532553994e-01 6.024452705183438450e-01 6.066125644108919523e-01 2.116808733075348503e-01 1.356046518433901560e-01 1.738635881126879279e-02 8.516463495942189210e-01
1.050000000000000044e+00 1.325000000000000178e+00 6.525051166726441032e-01 6.522578508304197609e-01 6.561957961322925081e-01 2.086054407508631803e-01 1.540661558445488577e-01 1.551545059599247073e-02 8.593174554492726269e-01
1.050000000000000044e+00 1.350000000000000089e+00 7.023267952199897524e-01 7.020970758875990647e-01 7.058361603243477056e-01 2.055899525295605546e-01 1.717217789521185423e-01 1.393831406253210996e-02 8.659981597467218961e-01
1.050000000000000044e+00 1.375000000000000000e+00 7.521721393962828017e-01 7.519576477235394574e-01 7.555226923304536601e-01 2.026330286623957977e-01 1.886926691962840241e-01 1.259439880692035663e-02 8.723631624248632255e-01
1.050000000000000044e+00 1.399999999999999911e+00 8.020367368668225305e-01 8.018355841255243588e-01 8.052470581403869954e-01 1.997333231557037458e-01 2.050696699929651090e-01 1.143841469235743272e-02 8.781649712149200981e-01
1.050000000000000044e+00 1.425000000000000044e+00 8.519172068246898544e-01 8.517278344459084938e-01 8.550028117304433461e-01 1.968895232315448773e-01 2.209221772955647367e-01 1.043584837317515848e-02 8.835264752674776290e-01
1.050000000000000044e+00 1.450000000000000178e+00 9.018109154828305440e-01 9.016320224847365061e-01 9.047848900746969791e-01 1.941003485641873971e-01 2.363040851051697033e-01 9.559965936333923719e-03 8.886451007078698394e-01
1.050000000000000044e+00 1.475000000000000089e+00 9.517157807265680391e-01 9.515462700099871496e-01 9.545892617373461508e-01 1.913645505256968415e-01 2.512578781399420480e-01 8.789758635197347791e-03 8.934681344742334552e-01
1.050000000000000044e+00 1.500000000000000000e+00 1.001630134971977171e+00 1.001469072897368973e+00 1.004412677267387366e+00 1.886809114413267041e-01 2.658175118680327631e-01 8.108503754855066886e-03 8.976043677037264246e-01
