1.425000000000000044e+00 5.000000000000000000e-01 1.099875700459521211e+00 1.000000024462546655e+00 4.579591209500237792e-01 4.361365839584288029e-01 3.086251155289715387e-02 4.955249468828362702e-02 2.702087808896446175e-01
1.425000000000000044e+00 5.250000000000000222e-01 1.054621522851359128e+00 9.500000257500527123e-01 4.579591209500257776e-01 4.287190353174951674e-01 5.650732177402251200e-03 4.937982090363864096e-02 2.763014333069470641e-01
1.425000000000000044e+00 5.500000000000000444e-01 1.009815110038130515e+00 9.000000271806123386e-01 4.579591209500217808e-01 4.214662984252819933e-01 1.653916490186091437e-03 4.919968982080226427e-02 2.830143334381073905e-01
1.425000000000000044e+00 5.749999999999999556e-01 9.655188017130076350e-01 8.500000287794727827e-01 4.579591209500228910e-01 4.143738940020044170e-01 4.202288831805511826e-03 4.901223232328683066e-02 2.904174330147502037e-01
1.425000000000000044e+00 5.999999999999999778e-01 9.218061382206792498e-01 8.000000305781911347e-01 4.579591209500275539e-01 4.074375033971449067e-01 1.971181823305190317e-03 4.881758379232351008e-02 2.985911542697737842e-01
1.425000000000000044e+00 6.250000000000000000e-01 8.787642212000452702e-01 7.500000326167350906e-01 4.579591209500264437e-01 4.006529595234846752e-01 8.658862049852666942e-03 4.861588390837327800e-02 3.076278399929177620e-01
1.425000000000000044e+00 6.500000000000000222e-01 8.364965968019966169e-01 7.000000349465012039e-01 4.579591209500213922e-01 3.940162385831817993e-01 7.583783614481365287e-03 4.840727644771362914e-02 3.176332373403262799e-01
1.425000000000000044e+00 6.750000000000000444e-01 7.951267549650946620e-01 6.500000376346936060e-01 4.579591209500248894e-01 3.875234524997805963e-01 1.472007136051578513e-02 4.819190907456040451e-02 3.287278718121217080e-01
1.425000000000000044e+00 6.999999999999999556e-01 7.548023293957975000e-01 6.000000407709200623e-01 4.579591209500236682e-01 3.811708419802352088e-01 3.042292371286503538e-03 4.796993312918146346e-02 3.410480532674034504e-01
1.425000000000000044e+00 7.249999999999999778e-01 7.157000464309906107e-01 5.500000444773605057e-01 4.579591209500243343e-01 3.749547701399392752e-01 7.773166684563626028e-03 4.774150341248034612e-02 3.547460769747471931e-01
1.425000000000000044e+00 7.500000000000000000e-01 6.780313830947075626e-01 5.000000489251014146e-01 4.579591209500265547e-01 3.688717166315583773e-01 1.758350695904792316e-02 4.750677796752038329e-02 3.699889166423271925e-01
1.425000000000000044e+00 7.750000000000000222e-01 6.420487181369665119e-01 4.500000543612248105e-01 4.579591209500257221e-01 3.629182722253149196e-01 2.322281515819923925e-02 4.726591785847034793e-02 3.869543374646792766e-01
1.425000000000000044e+00 8.000000000000000444e-01 6.080514422820834097e-01 4.000000611563778730e-01 4.579591209500230020e-01 3.570911337944341346e-01 1.867791034185689591e-02 4.701908694746109729e-02 4.058229022043989831e-01
1.425000000000000044e+00 8.249999999999999556e-01 5.763909753468750008e-01 3.500000698929992549e-01 4.579591209500247229e-01 3.513870996647178169e-01 1.536007568305908233e-02 4.676645166982632690e-02 4.267639041367713437e-01
1.425000000000000044e+00 8.500000000000000888e-01 5.474728819414913517e-01 3.000000815418329414e-01 4.579591209500262217e-01 3.458030652918994141e-01 1.332020290381485950e-02 4.650818080821943201e-02 4.499131129601575685e-01
1.425000000000000044e+00 8.750000000000000000e-01 5.217533482991000282e-01 2.500000978501922821e-01 4.579591209506316263e-01 3.403360192345370461e-01 1.259037638811044690e-02 4.624444526608247064e-02 4.753409131282514410e-01
1.425000000000000044e+00 9.000000000000000222e-01 4.997264816490336603e-01 2.000001223127299554e-01 4.579591210612546925e-01 3.325957496093694399e-01 1.318222486564812890e-02 4.597541784095052209e-02 5.030117664105654418e-01
1.425000000000000044e+00 9.250000000000000444e-01 4.818989068895279670e-01 1.500001630835997302e-01 4.579591363505619017e-01 2.546992476370927849e-01 1.508631200831728192e-02 4.570127299805948340e-02 5.327406428442348352e-01
1.425000000000000044e+00 9.499999999999999556e-01 4.687499935587434718e-01 1.000002446252347132e-01 4.579605770876760129e-01 1.725015640264526140e-01 1.827263142816681896e-02 4.542218664473036960e-02 5.641586481625994187e-01
1.425000000000000044e+00 9.750000000000000888e-01 4.606805362301755746e-01 5.000048924868136929e-02 4.580301343120189994e-01 8.710660741427508902e-02 2.269215281372449766e-02 4.513833590598234635e-02 5.967053870833038953e-01
1.425000000000000044e+00 1.000000000000000000e+00 4.579591209500276094e-01 2.211902059020337736e-04 4.590247280224634130e-01 3.496009604414067859e-10 2.827925671912595584e-02 4.484989890183046363e-02 6.296638255678478346e-01
1.425000000000000044e+00 1.024999999999999911e+00 4.606805362301753526e-01 5.000048924867627614e-02 4.631642068462996642e-01 8.710660741427400655e-02 2.925357995488159224e-02 4.455705452670717659e-02 6.622401420191013077e-01
1.425000000000000044e+00 1.050000000000000044e+00 4.687499935587434718e-01 1.000002446252340332e-01 4.718463489280732004e-01 1.725015640264524475e-01 2.107232226332556024e-02 4.425998223143162713e-02 6.936702006557913247e-01
1.425000000000000044e+00 1.075000000000000178e+00 4.818989068895279670e-01 1.500001630836010902e-01 4.852920307659400745e-01 2.546992476370930070e-01 1.168858002107847627e-02 4.395886180814401190e-02 7.233192892619099146e-01
1.425000000000000044e+00 1.100000000000000089e+00 4.997264816490337713e-01 2.000001223127274852e-01 5.032590489212894758e-01 2.959418162044789580e-01 1.244210224187802805e-03 4.365387317860858207e-02 7.481324491359463424e-01
1.425000000000000044e+00 1.125000000000000000e+00 5.217533482991000282e-01 2.500000978501907833e-01 5.253339406410623136e-01 2.914970940212877615e-01 1.011727884708180092e-02 4.334519618626583165e-02 7.684974836004729859e-01
1.425000000000000044e+00 1.149999999999999911e+00 5.474728819414911296e-01 3.000000815418353284e-01 5.510445942417410148e-01 2.871414510472160564e-01 2.225554354554065695e-02 4.303301039240052528e-02 7.871137166590298495e-01
1.425000000000000044e+00 1.175000000000000044e+00 5.763909753468750008e-01 3.500000698930013643e-01 5.799179127423437219e-01 2.828727554384757870e-01 2.935301479844237837e-02 4.271749487678319634e-02 8.006870795450160561e-01
1.425000000000000044e+00 1.200000000000000178e+00 6.080514422820834097e-01 4.000000611563772623e-01 6.115115001468101052e-01 2.786889334004379326e-01 1.369442358670763804e-02 4.239882804311628089e-02 8.128375877553878359e-01
1.425000000000000044e+00 1.225000000000000089e+00 6.420487181369667340e-01 4.500000543612202031e-01 6.454290913931939322e-01 2.745879673460457360e-01 2.414768689799118295e-03 4.207718742958840158e-02 8.242232334608666777e-01
1.425000000000000044e+00 1.250000000000000000e+00 6.780313830947075626e-01 5.000000489251008595e-01 6.813255466918703984e-01 2.705678941331988163e-01 1.883227065940784595e-02 4.175274952484635260e-02 8.348950297540922438e-01
1.425000000000000044e+00 1.274999999999999911e+00 7.157000464309904997e-01 5.500000444773665009e-01 7.189056654301470006e-01 2.666268033757602796e-01 2.342764632464872099e-02 4.142568958964282233e-02 8.439459106243178965e-01
1.425000000000000044e+00 1.300000000000000044e+00 7.548023293957975000e-01 6.000000407709237260e-01 7.579198060998941777e-01 2.627628358233028982e-01 3.637829665837866155e-03 4.109618148441887553e-02 8.517198339503747606e-01
1.425000000000000044e+00 1.325000000000000178e+00 7.951267549650946620e-01 6.500000376346939390e-01 7.981582249397851658e-01 2.589741818051876088e-01 1.599399462118838988e-02 4.076439750305067833e-02 8.591216447972077619e-01
1.425000000000000044e+00 1.350000000000000089e+00 8.364965968019967280e-01 7.000000349465074212e-01 8.394452420490348121e-01 2.552590797350082763e-01 1.512446243236842403e-02 4.043050821296197139e-02 8.660811523900199260e-01
1.425000000000000044e+00 1.375000000000000000e+00 8.787642212000452702e-01 7.500000326167355347e-01 8.816338059555133277e-01 2.516158146717555888e-01 7.166526079435187047e-03 4.009468230179820403e-02 8.723061410558783368e-01
1.425000000000000044e+00 1.399999999999999911e+00 9.218061382206789167e-01 8.000000305781875820e-01 9.246006996650431020e-01 2.480427169344112115e-01 1.245027553073901894e-02 3.975708643081443672e-02 8.782387483718809840e-01
1.425000000000000044e+00 1.425000000000000044e+00 9.655188017130076350e-01 8.500000287794682308e-01 9.682424475534570085e-01 2.445381607669672164e-01 1.154849923919981647e-02 3.941788509512633709e-02 8.835424336002265511e-01
1.425000000000000044e+00 1.450000000000000178e+00 1.009815110038130515e+00 9.000000271806125607e-01 1.012471889231904232e+00 2.411005630511233178e-01 5.370033372672500249e-03 3.907724049093573571e-02 8.885298386723514685e-01
1.425000000000000044e+00 1.475000000000000089e+00 1.054621522851360238e+00 9.500000257500534895e-01 1.057215345992292388e+00 2.377283820641379330e-01 5.650732177402528755e-03 3.873531238983299319e-02 8.932957813268440628e-01
1.425000000000000044e+00 1.500000000000000000e+00 1.099875700459521211e+00 1.000000024462551096e+00 1.102410293598890867e+00 2.344201162795470361e-01 3.086251155289732040e-02 3.839225802024272272e-02 8.976972200525901169e-01
