1.300000000000000044e+00 5.000000000000000000e-01 1.051146708650736450e+00 1.000001628629136219e+00 3.238972107124036826e-01 4.087545604839129543e-01 1.039994440479716231e-01 4.955249468828357151e-02 1.961802723133841408e-01
1.300000000000000044e+00 5.250000000000000222e-01 1.003697864452881783e+00 9.500017143463113101e-01 3.238972107124040711e-01 4.018034340444979757e-01 8.162881545711742071e-02 4.937982090363884913e-02 2.010405603714857103e-01
1.300000000000000044e+00 5.500000000000000444e-01 9.565089665587438450e-01 9.000018095875899071e-01 3.238972107123967437e-01 3.950049105269985428e-01 5.808277818893442523e-02 4.919968982080219488e-02 2.064426935993927126e-01
1.300000000000000044e+00 5.749999999999999556e-01 9.096204720141674027e-01 8.500019160336826918e-01 3.238972107124014066e-01 3.883550313224141681e-01 3.321442963748127974e-02 4.901223232328656698e-02 2.124601913713483614e-01
1.300000000000000044e+00 5.999999999999999778e-01 8.630813421151430909e-01 8.000020357854948916e-01 3.238972107124018507e-01 3.818499647298810862e-01 6.848075151041188580e-03 4.881758379232324641e-02 2.191808357958365261e-01
1.300000000000000044e+00 6.250000000000000000e-01 8.169512856390378497e-01 7.500021715041471637e-01 3.238972107124020727e-01 3.754859996046742143e-01 6.490491247984009338e-03 4.861588390837293799e-02 2.267099343900119135e-01
1.300000000000000044e+00 6.500000000000000222e-01 7.713037035482692705e-01 7.000023266110874109e-01 3.238972107124042932e-01 3.692595395606546038e-01 1.134324835977412738e-02 4.840727644771333771e-02 2.351743970953781848e-01
1.300000000000000044e+00 6.750000000000000444e-01 7.262295801654434779e-01 6.500025055804995455e-01 3.238972107124020172e-01 3.631670976625663294e-01 1.005196640017197440e-02 4.819190907456020329e-02 2.447277991043363965e-01
1.300000000000000044e+00 6.999999999999999556e-01 6.818426527486211031e-01 6.000027143779623762e-01 3.238972107124047373e-01 3.572052915517623939e-01 4.828396930364520223e-03 4.796993312918176877e-02 2.555565852684532624e-01
1.300000000000000044e+00 7.249999999999999778e-01 6.382863018327091797e-01 5.500029611383256967e-01 3.238972107124036270e-01 3.513708389560605827e-01 1.218519010360946675e-02 4.774150341248077634e-02 2.678874833616136097e-01
1.300000000000000044e+00 7.500000000000000000e-01 5.957427323159524279e-01 5.000032572503261274e-01 3.238972107124012956e-01 3.456605535406261920e-01 1.724429899074603201e-02 4.750677796751998777e-02 2.819959448439264271e-01
1.300000000000000044e+00 7.750000000000000222e-01 5.544451308355737851e-01 4.500036191642604599e-01 3.238972107124012956e-01 3.400713410621787891e-01 6.128515280494128969e-03 4.726591785847005650e-02 2.982148534159486108e-01
1.300000000000000044e+00 8.000000000000000444e-01 5.146935040461229072e-01 4.000040715554400439e-01 3.238972107124037381e-01 3.346001957934619520e-01 3.795799862592985630e-03 4.701908694746062545e-02 3.169415239005306528e-01
1.300000000000000044e+00 8.249999999999999556e-01 4.768746199026288046e-01 3.500046531989726706e-01 3.238972107124036270e-01 3.292441971890593955e-01 1.233252265545636828e-02 4.676645166982623669e-02 3.386386480094660256e-01
1.300000000000000044e+00 8.500000000000000888e-01 4.414854506178844673e-01 3.000054287191056268e-01 3.238972107124059585e-01 3.240005067671557493e-01 1.929452994836489133e-02 4.650818080821933487e-02 3.638206660449447294e-01
1.300000000000000044e+00 8.750000000000000000e-01 4.091569419028310284e-01 2.500065144369940651e-01 3.238972107132577771e-01 3.188663651849725778e-01 2.451551591416800679e-02 4.624444526608247064e-02 3.930107358904602055e-01
1.300000000000000044e+00 9.000000000000000222e-01 3.806696771576068561e-01 2.000081429865662452e-01 3.238972108696656083e-01 3.138390894883272275e-01 2.786213061759401644e-02 4.597541784095050127e-02 4.266468346598451533e-01
1.300000000000000044e+00 9.250000000000000444e-01 3.569445378588620987e-01 1.500108571435257165e-01 3.238972324872598785e-01 3.089160705181003275e-01 2.924480864834727578e-02 4.570127299805945564e-02 4.649164938581413220e-01
1.300000000000000044e+00 9.499999999999999556e-01 3.389828950069260216e-01 1.000162849786710023e-01 3.238992695459994575e-01 2.276774943466685630e-01 2.862558299242484727e-02 4.542218664473060552e-02 5.075263024268017453e-01
1.300000000000000044e+00 9.750000000000000888e-01 3.277337381278841999e-01 5.003256200651179375e-02 3.239976089168573603e-01 1.161537733546185169e-01 2.602152748040109653e-02 4.513833590598229084e-02 5.534829186042602434e-01
1.300000000000000044e+00 1.000000000000000000e+00 3.238972107124059030e-01 1.804788335354267888e-03 3.254021321104848541e-01 4.678797239039548310e-10 2.150319915646597968e-02 4.484989890183038036e-02 6.010495815054858193e-01
1.300000000000000044e+00 1.024999999999999911e+00 3.277337381278843109e-01 5.003256200650964269e-02 3.312158346901841188e-01 1.161537733546180451e-01 1.518836729022116083e-02 4.455705452670714883e-02 6.480284216276606113e-01
1.300000000000000044e+00 1.050000000000000044e+00 3.389828950069260216e-01 1.000162849786705860e-01 3.432518370565692534e-01 2.276774943466685908e-01 7.232144852147570635e-03 4.425998223143154386e-02 6.923083018769418118e-01
1.300000000000000044e+00 1.075000000000000178e+00 3.569445378588620987e-01 1.500108571435170846e-01 3.615123812138201220e-01 2.814299410199604390e-01 2.184854616753828527e-03 4.395886180814310290e-02 7.232780987834788178e-01
1.300000000000000044e+00 1.100000000000000089e+00 3.806696771576068006e-01 2.000081429865649962e-01 3.852953632826587871e-01 2.771693766770046974e-01 1.286863031383689293e-02 4.365387317860860983e-02 7.484950393487186382e-01
1.300000000000000044e+00 1.125000000000000000e+00 4.091569419028310284e-01 2.500065144369955084e-01 4.137131806401941891e-01 2.729945825005730686e-01 2.462275501330357663e-02 4.334519618626582471e-02 7.713355620642161625e-01
1.300000000000000044e+00 1.149999999999999911e+00 4.414854506178844673e-01 3.000054287191065150e-01 4.459069314206756673e-01 2.689035164300511704e-01 2.999841332969577223e-02 4.303301039240019915e-02 7.864895644436566968e-01
1.300000000000000044e+00 1.175000000000000044e+00 4.768746199026288046e-01 3.500046531989745580e-01 4.811316162604548641e-01 2.648941903085363925e-01 1.360080671403662844e-02 4.271749487678319634e-02 8.000949718276522127e-01
1.300000000000000044e+00 1.200000000000000178e+00 5.146935040461229072e-01 4.000040715554477044e-01 5.187766007230387721e-01 2.609646683229771558e-01 3.374170987349212059e-03 4.239882804311639886e-02 8.128558008903760124e-01
1.300000000000000044e+00 1.225000000000000089e+00 5.544451308355740071e-01 4.500036191642580730e-01 5.583561217203598659e-01 2.571130655009917776e-01 2.071622644495679788e-02 4.207718742958854730e-02 8.247629197530746969e-01
1.300000000000000044e+00 1.250000000000000000e+00 5.957427323159524279e-01 5.000032572503239070e-01 5.994892386197870904e-01 2.533375462608448148e-01 2.058324844920539354e-02 4.175274952484606117e-02 8.352625591395428373e-01
1.300000000000000044e+00 1.274999999999999911e+00 6.382863018327091797e-01 5.500029611383308037e-01 6.418786508628534504e-01 2.496363230113901599e-01 9.766764308009046047e-04 4.142568958964298886e-02 8.436404031055606545e-01
1.300000000000000044e+00 1.300000000000000044e+00 6.818426527486211031e-01 6.000027143779702588e-01 6.852921122590318603e-01 2.460076547991396356e-01 2.217418051073977159e-02 4.109618148441902818e-02 8.516185525404394996e-01
1.300000000000000044e+00 1.325000000000000178e+00 7.262295801654434779e-01 6.500025055805005447e-01 7.295473930355639292e-01 2.424498459998428723e-01 3.501700830913445639e-03 4.076439750305061588e-02 8.592001841462478806e-01
1.300000000000000044e+00 1.350000000000000089e+00 7.713037035482696036e-01 7.000023266110849685e-01 7.745005881500144351e-01 2.389612450523103393e-01 1.638470546130593730e-02 4.043050821296203384e-02 8.660050441840017044e-01
1.300000000000000044e+00 1.375000000000000000e+00 8.169512856390378497e-01 7.500021715041451653e-01 8.200372030887105312e-01 2.355402432323293049e-01 9.964584442435198142e-03 4.009468230179857179e-02 8.723484439332392926e-01
1.300000000000000044e+00 1.399999999999999911e+00 8.630813421151428688e-01 8.000020357854906727e-01 8.660654135035319445e-01 2.321852734647713024e-01 6.848075151040466935e-03 3.975708643081450611e-02 8.782395536162127536e-01
1.300000000000000044e+00 1.425000000000000044e+00 9.096204720141674027e-01 8.500019160336826918e-01 9.125109774080838454e-01 2.288948091721663691e-01 3.321442963748166832e-02 3.941788509512628158e-02 8.835195921169501920e-01
1.300000000000000044e+00 1.450000000000000178e+00 9.565089665587438450e-01 9.000018095875883528e-01 9.593133862981242377e-01 2.256673631581217199e-01 5.808277818893431421e-02 3.907724049093579122e-02 8.885657846044956454e-01
1.300000000000000044e+00 1.475000000000000089e+00 1.003697864452882671e+00 9.500017143463104219e-01 1.006422940143730127e+00 2.225014865241452811e-01 8.162881545711697662e-02 3.873531238983296543e-02 8.933839195763454422e-01
1.300000000000000044e+00 1.500000000000000000e+00 1.051146708650736450e+00 1.000001628629139994e+00 1.053798511138988259e+00 2.193957676184987160e-01 1.039994440479715676e-01 3.839225802024259088e-02 8.976521874836961290e-01
