1.199999999999999956e+00 5.000000000000000000e-01 1.023216868428384885e+00 1.000035763300576086e+00 2.167320000285819503e-01 3.863734432298052690e-01 1.667852063887587666e-01 4.955249468828390458e-02 1.333062065282533681e-01
1.199999999999999956e+00 5.250000000000000222e-01 9.744089284465684564e-01 9.500376455068293424e-01 2.167320000285818671e-01 3.798089108152165605e-01 1.472667115131154891e-01 4.937982090363823851e-02 1.367977210567588031e-01
1.199999999999999956e+00 5.500000000000000444e-01 9.257282321698900862e-01 9.000397368339706494e-01 2.167320000285816728e-01 3.733867434688630249e-01 1.268228457285696664e-01 4.919968982080208386e-02 1.407006825371973080e-01
1.199999999999999956e+00 5.749999999999999556e-01 8.771959643297442266e-01 8.500420741823071502e-01 2.167320000285817283e-01 3.671034254538275698e-01 1.053340592093433004e-01 4.901223232328680290e-02 1.450771421962901431e-01
1.199999999999999956e+00 5.999999999999999778e-01 8.288381988279681645e-01 8.000447036760902630e-01 2.167320000285828385e-01 3.609555383819877949e-01 8.265399050641752954e-02 4.881758379232380152e-02 1.500029746849166901e-01
1.199999999999999956e+00 6.250000000000000000e-01 7.806873636971396468e-01 7.500476837376144346e-01 2.167320000285842818e-01 3.549397573618221502e-01 5.860168976497631688e-02 4.861588390837310453e-02 1.555717776154960097e-01
1.199999999999999956e+00 6.500000000000000222e-01 7.327842519025569157e-01 7.000510894785891836e-01 2.167320000285809511e-01 3.490528474661091507e-01 3.295109764919856854e-02 4.840727644771386506e-02 1.619001229209479642e-01
1.199999999999999956e+00 6.750000000000000444e-01 6.851808227295844711e-01 6.500550191177336679e-01 2.167320000285837267e-01 3.432916604782397796e-01 5.416643734811765754e-03 4.819190907456011308e-02 1.691347065287178708e-01
1.199999999999999956e+00 6.999999999999999556e-01 6.379441667077068168e-01 6.000596036063099437e-01 2.167320000285805903e-01 3.376531318816200500e-01 2.833532544528116759e-03 4.796993312918164387e-02 1.774621862315690080e-01
1.199999999999999956e+00 7.249999999999999778e-01 5.911622111031712423e-01 5.500650215021498646e-01 2.167320000285817283e-01 3.321342780615623713e-01 2.339067881877820998e-03 4.774150341248071389e-02 1.871228471634238666e-01
1.199999999999999956e+00 7.500000000000000000e-01 5.449520711368939230e-01 5.000715227646541639e-01 2.167320000285810067e-01 3.267321936933644810e-01 1.232364242111777530e-02 4.750677796752024451e-02 1.984297163034612899e-01
1.199999999999999956e+00 7.750000000000000222e-01 4.994724815606865764e-01 4.500794684054815753e-01 2.167320000285845039e-01 3.214440492938850924e-01 6.023105274334805692e-03 4.726591785846999405e-02 2.117953481881818534e-01
1.199999999999999956e+00 8.000000000000000444e-01 4.549425896048756024e-01 4.000893998597840895e-01 2.167320000285799242e-01 3.162670889171013133e-01 2.381488217212640590e-02 4.701908694746075035e-02 2.277690497853411267e-01
1.199999999999999956e+00 8.249999999999999556e-01 4.116706934388096872e-01 3.501021677741562588e-01 2.167320000285805071e-01 3.111986279768697017e-01 1.527668138773097262e-02 4.676645166982637547e-02 2.470871132616003774e-01
1.199999999999999956e+00 8.500000000000000888e-01 3.700983110423369804e-01 3.001191894567256657e-01 2.167320000285863912e-01 3.062360511824119280e-01 5.555446983229517244e-03 4.650818080821918221e-02 2.707354865955680090e-01
1.199999999999999956e+00 8.750000000000000000e-01 3.308666798521579522e-01 2.501430148538263398e-01 2.167320000298607052e-01 3.013768105740914915e-01 2.398520111711488489e-03 4.624444526608258166e-02 3.000120570251759711e-01
1.199999999999999956e+00 9.000000000000000222e-01 2.949114440580262730e-01 2.001787398305948928e-01 2.167320002636013987e-01 2.966184236487703352e-01 8.327234553279883045e-03 4.597541784095048045e-02 3.365393079846702440e-01
1.199999999999999956e+00 9.250000000000000444e-01 2.635768575508675715e-01 1.502382370775228182e-01 2.167320325702254136e-01 2.919584715655324514e-01 1.201971200962370645e-02 4.570127299805964993e-02 3.820910046736591403e-01
1.199999999999999956e+00 9.499999999999999556e-01 2.386896726638803867e-01 1.003570021481423047e-01 2.167350768600848909e-01 2.873945974238375500e-01 1.333591165274206070e-02 4.542218664473072348e-02 4.379576613888416792e-01
1.199999999999999956e+00 9.750000000000000888e-01 2.224247284732306928e-01 5.071023447158078123e-02 2.168820124237035851e-01 1.645458788741231970e-01 1.222424349204348504e-02 4.513833590598253370e-02 5.035953090440563606e-01
1.199999999999999956e+00 1.000000000000000000e+00 2.167320000285846149e-01 8.457415690548362661e-03 2.189746659117551286e-01 6.689362042777122149e-10 8.728339196111212228e-03 4.484989890183066485e-02 5.751194860553852095e-01
1.199999999999999956e+00 1.024999999999999911e+00 2.224247284732306373e-01 5.071023447157845671e-02 2.275242533854998639e-01 1.645458788741234191e-01 2.981314511721677718e-03 4.455705452670737782e-02 6.456896818808985916e-01
1.199999999999999956e+00 1.050000000000000044e+00 2.386896726638803867e-01 1.003570021481418051e-01 2.447144874579840201e-01 2.700548190586072872e-01 4.810971413800935181e-03 4.425998223143143978e-02 6.920628426658755883e-01
1.199999999999999956e+00 1.075000000000000178e+00 2.635768575508675715e-01 1.502382370775209863e-01 2.697305294177870794e-01 2.659380363023139404e-01 1.439351493150686778e-02 4.395886180814378291e-02 7.233221747460294448e-01
1.199999999999999956e+00 1.100000000000000089e+00 2.949114440580264396e-01 2.001787398305875376e-01 3.008585609488785284e-01 2.619044020000056983e-01 2.548746799379592032e-02 4.365387317860885269e-02 7.507641882721471926e-01
1.199999999999999956e+00 1.125000000000000000e+00 3.308666798521579522e-01 2.501430148538268949e-01 3.364846988564885732e-01 2.579519494866722162e-01 3.216492259006814569e-02 4.334519618626599125e-02 7.709288337984306905e-01
1.199999999999999956e+00 1.149999999999999911e+00 3.700983110423368139e-01 3.001191894567252216e-01 3.753616232623105398e-01 2.540787622208074970e-01 1.477174659719610039e-02 4.303301039240048365e-02 7.858727148004835961e-01
1.199999999999999956e+00 1.175000000000000044e+00 4.116706934388096872e-01 3.501021677741532057e-01 4.165945137594956327e-01 2.502829724973085201e-01 3.345789461038251034e-03 4.271749487678316859e-02 8.000015696861264569e-01
1.199999999999999956e+00 1.200000000000000178e+00 4.549425896048756024e-01 4.000893998597835344e-01 4.595568715478727251e-01 2.465627601945243885e-01 2.186080159583148053e-02 4.239882804311612130e-02 8.130332554035765158e-01
1.199999999999999956e+00 1.225000000000000089e+00 4.994724815606867430e-01 4.500794684054812977e-01 5.038103962719673312e-01 2.429163515538261264e-01 1.622609420417908677e-02 4.207718742958796443e-02 8.252306098259782896e-01
1.199999999999999956e+00 1.250000000000000000e+00 5.449520711368939230e-01 5.000715227646570504e-01 5.490452658479485493e-01 2.393420179903084921e-01 7.440878711232556952e-03 4.175274952484640811e-02 8.349823786701787709e-01
1.199999999999999956e+00 1.274999999999999911e+00 5.911622111031710203e-01 5.500650215021497536e-01 5.950391240604533394e-01 2.358380749333899851e-01 1.286900474704077979e-02 4.142568958964269049e-02 8.435049598193620213e-01
1.199999999999999956e+00 1.300000000000000044e+00 6.379441667077068168e-01 6.000596036063060579e-01 6.416296718930365461e-01 2.324028806962068483e-01 1.380315630063599919e-02 4.109618148441912533e-02 8.516109246020370227e-01
1.199999999999999956e+00 1.325000000000000178e+00 6.851808227295844711e-01 6.500550191177347781e-01 6.886964174540923800e-01 2.290348353728347552e-01 5.416643734811654731e-03 4.076439750305071996e-02 8.592875100323503768e-01
1.199999999999999956e+00 1.350000000000000089e+00 7.327842519025573598e-01 7.000510894785872962e-01 7.361484346066582418e-01 2.257323797624563866e-01 3.295109764919906814e-02 4.043050821296189506e-02 8.659933862989050990e-01
1.199999999999999956e+00 1.375000000000000000e+00 7.806873636971396468e-01 7.500476837376164330e-01 7.839160485528202660e-01 2.224939943196974912e-01 5.860168976497659443e-02 4.009468230179810688e-02 8.723806196787368128e-01
1.199999999999999956e+00 1.399999999999999911e+00 8.288381988279678314e-01 8.000447036760893749e-01 8.319451046770791613e-01 2.193181981304048733e-01 8.265399050641852874e-02 3.975708643081460325e-02 8.781972195101521717e-01
1.199999999999999956e+00 1.425000000000000044e+00 8.771959643297442266e-01 8.500420741823082604e-01 8.801929564699834119e-01 2.162035479122100534e-01 1.053340592093432448e-01 3.842161245557222660e-02 8.835180935387757506e-01
1.199999999999999956e+00 1.450000000000000178e+00 9.257282321698900862e-01 9.000397368339675408e-01 9.286256133985812955e-01 2.131486370392736973e-01 1.268228457285698330e-01 3.529408767761180177e-02 8.886006328497071394e-01
1.199999999999999956e+00 1.475000000000000089e+00 9.744089284465687895e-01 9.500376455068295645e-01 9.772156830386353743e-01 2.101520945906468207e-01 1.472667115131156557e-01 3.252773357139100707e-02 8.934509430479946612e-01
1.199999999999999956e+00 1.500000000000000000e+00 1.023216868428384885e+00 1.000035763300572977e+00 1.025940865161272697e+00 2.072125844216998192e-01 1.667852063887587111e-01 3.006853797091744995e-02 8.976272243052207944e-01
