1.274999999999999911e+00 5.000000000000000000e-01 1.043199638454624045e+00 1.000003626341214202e+00 2.970950785049388254e-01 4.031976072990814952e-01 1.193762732878017596e-01 4.955249468828354376e-02 1.807306815601620320e-01
1.274999999999999911e+00 5.250000000000000222e-01 9.953720338003565482e-01 9.500038172005300652e-01 2.970950785049403797e-01 3.963420783957316562e-01 9.767383398940554518e-02 4.937982090363869647e-02 1.852790604781772710e-01
1.274999999999999911e+00 5.500000000000000444e-01 9.477686878515547697e-01 9.000040292663029629e-01 2.970950785049402132e-01 3.896366266634665454e-01 7.484898557943564512e-02 4.919968982080179243e-02 1.903424421797960675e-01
1.274999999999999911e+00 5.749999999999999556e-01 9.004251693904705700e-01 8.500042662808109384e-01 2.970950785049388809e-01 3.830774025203805278e-01 5.075920361818986315e-02 4.901223232328669188e-02 1.959928364602794293e-01
1.274999999999999911e+00 5.999999999999999778e-01 8.533847231301123770e-01 8.000045329218934409e-01 2.970950785049433218e-01 3.766606760692713385e-01 2.523292777294161571e-02 4.881758379232382927e-02 2.023167917064098154e-01
1.274999999999999911e+00 6.250000000000000000e-01 8.067003692027530093e-01 7.500048351147987624e-01 2.970950785049411014e-01 3.703828313481152823e-01 1.723084919309836316e-03 4.861588390837312534e-02 2.094189372984776587e-01
1.274999999999999911e+00 6.500000000000000222e-01 7.604376934843894986e-01 7.000051804776754594e-01 2.970950785049346066e-01 3.642403610795551527e-01 5.275367229312044604e-03 4.840727644771353894e-02 2.174265106754162402e-01
1.274999999999999911e+00 6.750000000000000444e-01 7.146785890677419539e-01 6.500055789726613131e-01 2.970950785049419340e-01 3.582298618601521545e-01 8.876806303021178568e-03 4.819190907456035594e-02 2.264951388740943372e-01
1.274999999999999911e+00 6.999999999999999556e-01 6.695263143983652965e-01 6.000060438825440823e-01 2.970950785049418785e-01 3.523480297378334125e-01 1.212568083538378971e-02 4.796993312918183816e-02 2.368161841336461904e-01
1.274999999999999911e+00 7.249999999999999778e-01 6.251123784343566303e-01 5.500065933200973811e-01 2.970950785049404352e-01 3.465916561325781409e-01 6.812442645077299019e-03 4.774150341248062368e-02 2.486259578072744780e-01
1.274999999999999911e+00 7.500000000000000000e-01 5.816059539515208154e-01 5.000072526429817366e-01 2.970950785049433218e-01 3.409576240611526532e-01 9.111001795607032161e-03 4.750677796752032084e-02 2.622169750176590042e-01
1.274999999999999911e+00 7.750000000000000222e-01 5.392267479195171909e-01 4.500080584784885707e-01 2.970950785049423226e-01 3.354429046316775298e-01 2.425525578725357123e-02 4.726591785847029242e-02 2.779509857682351259e-01
1.274999999999999911e+00 8.000000000000000444e-01 4.982624666497150745e-01 4.000090657667412231e-01 2.970950785049430443e-01 3.300445537781898087e-01 1.493125599374545143e-02 4.701908694746083361e-02 2.962724059892055117e-01
1.274999999999999911e+00 8.249999999999999556e-01 4.590920230976120453e-01 3.500103608403301036e-01 2.970950785049383258e-01 3.247597092090823701e-01 6.669867229897374905e-03 4.676645166982620894e-02 3.177182688315092207e-01
1.274999999999999911e+00 8.500000000000000888e-01 4.222149756603363335e-01 3.000120875824533462e-01 2.970950785049439324e-01 3.195855875466443452e-01 6.717871156464161331e-05 4.650818080821891853e-02 3.429157097493304995e-01
1.274999999999999911e+00 8.750000000000000000e-01 3.882853147774952274e-01 2.500145049703689226e-01 2.970950785058737442e-01 3.145194816377193670e-01 5.119293064776486712e-03 4.624444526608248451e-02 3.725487934405974366e-01
1.274999999999999911e+00 9.000000000000000222e-01 3.581417117173850140e-01 2.000181309171298882e-01 2.970950786763944529e-01 3.095587580180523268e-01 8.357613725992196763e-03 4.597541784095039719e-02 4.072632686541993174e-01
1.274999999999999911e+00 9.250000000000000444e-01 3.328144913789938819e-01 1.500241737040466372e-01 2.970951022441915557e-01 3.047008545150018399e-01 9.695542226546560727e-03 4.570127299805949728e-02 4.474685669976757318e-01
1.274999999999999911e+00 9.499999999999999556e-01 3.134732614942755680e-01 1.000362569050972233e-01 2.970973230727845249e-01 2.441857804199242254e-01 9.096357820905343061e-03 4.542218664473041123e-02 4.930187481694104923e-01
1.274999999999999911e+00 9.750000000000000888e-01 3.012731081126533983e-01 5.007247443039573170e-02 2.972045308342752268e-01 1.250537959341282979e-01 6.576574729579509615e-03 4.513833590598242962e-02 5.428543623057102696e-01
1.274999999999999911e+00 1.000000000000000000e+00 2.970950785049434884e-01 2.693082914132428028e-03 2.987350500805545650e-01 5.044329156136695211e-10 2.204422862840893504e-03 4.484989890183059547e-02 5.948568130993299174e-01
1.274999999999999911e+00 1.024999999999999911e+00 3.012731081126532873e-01 5.007247443039064549e-02 3.050573908530936906e-01 1.250537959341277983e-01 3.906265146570608859e-03 4.455705452670732925e-02 6.462067995774882778e-01
1.274999999999999911e+00 1.050000000000000044e+00 3.134732614942755680e-01 1.000362569050902428e-01 3.180847468950581680e-01 2.441857804199240867e-01 1.160566315154715200e-02 4.425998223143141896e-02 6.939741524689319041e-01
1.274999999999999911e+00 1.075000000000000178e+00 3.328144913789938819e-01 1.500241737040435563e-01 3.377088751209659789e-01 2.775776069849174021e-01 2.071945921912310418e-02 4.395886180814353311e-02 7.232811020008211855e-01
1.274999999999999911e+00 1.100000000000000089e+00 3.581417117173850695e-01 2.000181309171303323e-01 3.630545407121316681e-01 2.733732412744824813e-01 3.106059646758529968e-02 4.365387317860841554e-02 7.488940192472423041e-01
1.274999999999999911e+00 1.125000000000000000e+00 3.882853147774952274e-01 2.500145049703749178e-01 3.930835514238802397e-01 2.692535135339613195e-01 2.549107367478536945e-02 4.334519618626603288e-02 7.717935285845605176e-01
1.274999999999999911e+00 1.149999999999999911e+00 4.222149756603363890e-01 3.000120875824536792e-01 4.268361208398182560e-01 2.652164126604947270e-01 1.042475576235019075e-02 4.303301039240006731e-02 7.862991897357776150e-01
1.274999999999999911e+00 1.175000000000000044e+00 4.590920230976120453e-01 3.500103608403345445e-01 4.635123673970087399e-01 2.612599802008858108e-01 5.442541081349061560e-03 4.271749487678357105e-02 8.000464515917588004e-01
1.274999999999999911e+00 1.200000000000000178e+00 4.982624666497150745e-01 4.000090657667431104e-01 5.024790980949744856e-01 2.573823088677639204e-01 2.187055549790029030e-02 4.239882804311617681e-02 8.128955034546094804e-01
1.274999999999999911e+00 1.225000000000000089e+00 5.392267479195171909e-01 4.500080584784894033e-01 5.432473112931019976e-01 2.535815411064935576e-01 2.241596103542081719e-02 4.207718742958867220e-02 8.248911936437567372e-01
1.274999999999999911e+00 1.250000000000000000e+00 5.816059539515208154e-01 5.000072526429801822e-01 5.854429346960408065e-01 2.498558677097983960e-01 1.314224735603719552e-03 4.175274952484638730e-02 8.351813923143065477e-01
1.274999999999999911e+00 1.274999999999999911e+00 6.251123784343566303e-01 5.500065933201024881e-01 6.287799972948415750e-01 2.462035264774068699e-01 1.955012532557226512e-02 4.142568958964268355e-02 8.435988966910688003e-01
1.274999999999999911e+00 1.300000000000000044e+00 6.695263143983652965e-01 6.000060438825428610e-01 6.730389005763572907e-01 2.426228009182764822e-01 8.897403897437705655e-03 4.109618148441922247e-02 8.516121249952349759e-01
1.274999999999999911e+00 1.325000000000000178e+00 7.146785890677419539e-01 6.500055789726557620e-01 7.180497763035404990e-01 2.391120189932315621e-01 1.521588189437500516e-02 4.076439750305060894e-02 8.592245122131046964e-01
1.274999999999999911e+00 1.350000000000000089e+00 7.604376934843894986e-01 7.000051804776762365e-01 7.636800662642033721e-01 2.356695518960260083e-01 2.748584629813533020e-03 4.043050821296197139e-02 8.659999396260893434e-01
1.274999999999999911e+00 1.375000000000000000e+00 8.067003692027530093e-01 7.500048351148015380e-01 8.098253496984024746e-01 2.322938128710683725e-01 1.937787654738898357e-03 4.009468230179834281e-02 8.723586429358767269e-01
1.274999999999999911e+00 1.399999999999999911e+00 8.533847231301120440e-01 8.000045329218914425e-01 8.564025823359169287e-01 2.289832560661793637e-01 2.523292777294089406e-02 3.975708643081439508e-02 8.782269466069377861e-01
1.274999999999999911e+00 1.425000000000000044e+00 9.004251693904705700e-01 8.500042662808118266e-01 9.033450982071273838e-01 2.257363754189025407e-01 5.075920361819014071e-02 3.941788509512669098e-02 8.835182021483334314e-01
1.274999999999999911e+00 1.450000000000000178e+00 9.477686878515547697e-01 9.000040292663001873e-01 9.505988931696475186e-01 2.225517035750276262e-01 7.484898557943564512e-02 3.907724049093631163e-02 8.885743863521496921e-01
1.274999999999999911e+00 1.475000000000000089e+00 9.953720338003567703e-01 9.500038172005331738e-01 9.981198410071503435e-01 2.194278108380765535e-01 9.767383398940571171e-02 3.873531238983279196e-02 8.934013735841439541e-01
1.274999999999999911e+00 1.500000000000000000e+00 1.043199638454624045e+00 1.000003626341215313e+00 1.045871590895999459e+00 2.163633041485995001e-01 1.193762732878018706e-01 3.839225802024211209e-02 8.976451111450343134e-01
