1.475000000000000089e+00 5.000000000000000000e-01 1.123268570742926187e+00 1.000000004235290785e+00 5.115977736648700258e-01 4.468936633187712282e-01 3.513315144457740402e-03 4.955249468828360621e-02 2.981668997323892456e-01
1.475000000000000089e+00 5.250000000000000222e-01 1.078995960149460087e+00 9.500000044582017633e-01 5.115977736648706919e-01 4.392953624378245214e-01 2.439285534211299566e-03 4.937982090363880749e-02 3.046004760186775684e-01
1.475000000000000089e+00 5.500000000000000444e-01 1.035245034771408612e+00 9.000000047058751562e-01 5.115977736648691376e-01 4.318665286126804892e-01 9.889555024573559727e-03 4.919968982080214631e-02 3.116626198306871043e-01
1.475000000000000089e+00 5.749999999999999556e-01 9.920848159400759148e-01 8.500000049826923476e-01 5.115977736648735785e-01 4.246024885601423771e-01 1.017851003945924315e-02 4.901223232328660168e-02 3.194181421920405661e-01
1.475000000000000089e+00 5.999999999999999778e-01 9.495958519385264696e-01 8.000000052941074191e-01 5.115977736648724683e-01 4.174987417330080497e-01 2.392555274217167405e-03 4.881758379232356559e-02 3.279403060029869033e-01
1.475000000000000089e+00 6.250000000000000000e-01 9.078723930260543806e-01 7.500000056470542686e-01 5.115977736648711360e-01 4.105509503327071652e-01 1.310221687800144919e-02 4.861588390837301432e-02 3.373116115232390189e-01
1.475000000000000089e+00 6.500000000000000222e-01 8.670249604358893913e-01 7.000000060504125710e-01 5.115977736648718022e-01 4.037549301881070418e-01 3.612370344206472517e-04 4.840727644771364996e-02 3.476244262402480301e-01
1.475000000000000089e+00 6.750000000000000444e-01 8.271833424452255112e-01 6.500000065158308971e-01 5.115977736648736895e-01 3.971066424085436530e-01 1.320589786471892957e-02 4.819190907456054329e-02 3.589812848780996601e-01
1.475000000000000089e+00 6.999999999999999556e-01 7.885000203036494071e-01 6.000000070588193957e-01 5.115977736648718022e-01 3.906021857297463096e-01 1.659112603477669312e-02 4.796993312918161612e-02 3.714945891770952691e-01
1.475000000000000089e+00 7.249999999999999778e-01 7.511539669194696733e-01 5.500000077005247068e-01 5.115977736648698038e-01 3.842377894805965033e-01 8.537053072331324266e-03 4.774150341248071389e-02 3.852853044794969373e-01
1.475000000000000089e+00 7.500000000000000000e-01 7.153546547125109178e-01 5.000000084705802372e-01 5.115977736648713581e-01 3.780098071068787036e-01 1.508980820554173263e-03 4.750677796752032778e-02 4.004800798730037692e-01
1.475000000000000089e+00 7.750000000000000222e-01 6.813459341765059074e-01 4.500000094117530547e-01 5.115977736648738006e-01 3.719147101953567680e-01 4.400068752082153534e-03 4.726591785846996630e-02 4.172060250819056848e-01
1.475000000000000089e+00 8.000000000000000444e-01 6.494091791920216794e-01 4.000000105882267620e-01 5.115977736648704699e-01 3.659490829479005725e-01 9.107193585944250991e-03 4.701908694746097239e-02 4.355822086618629241e-01
1.475000000000000089e+00 8.249999999999999556e-01 6.198647288069030203e-01 3.500000121008308707e-01 5.115977736648720242e-01 3.601096170609634495e-01 1.254314124906730221e-02 4.676645166982643098e-02 4.557069071836860052e-01
1.475000000000000089e+00 8.500000000000000888e-01 5.930702167693600035e-01 3.000000141176342727e-01 5.115977736648719132e-01 3.543931069706844905e-01 1.465549517280789749e-02 4.650818080821916833e-02 4.776399303184846179e-01
1.475000000000000089e+00 8.750000000000000000e-01 5.694139812288201430e-01 2.500000169411596973e-01 5.115977736654124808e-01 3.487964454282643789e-01 1.541122779615600180e-02 4.624444526608223471e-02 5.013802518555647847e-01
1.475000000000000089e+00 9.000000000000000222e-01 5.493016311816810715e-01 2.000000211764512148e-01 5.115977737644370471e-01 3.071742068841145645e-01 1.479837197673750104e-02 4.597541784095036943e-02 5.268409549981100115e-01
1.475000000000000089e+00 9.250000000000000444e-01 5.331343939560224676e-01 1.500000282352658976e-01 5.115977874507271483e-01 2.342968482187490764e-01 1.282663851416088185e-02 4.570127299805951115e-02 5.538261247633946560e-01
1.475000000000000089e+00 9.499999999999999556e-01 5.212794663315019061e-01 1.000000423529005672e-01 5.115990771336569320e-01 1.581837670963355535e-01 9.526914573462719193e-03 4.542218664473061246e-02 5.820170467315339824e-01
1.475000000000000089e+00 9.750000000000000888e-01 5.140352925810205420e-01 5.000008470574369979e-02 5.116613425845453200e-01 7.971428031868654784e-02 4.949696043998086381e-03 4.513833590598217982e-02 6.109761821324956044e-01
1.475000000000000089e+00 1.000000000000000000e+00 5.115977736648740226e-01 9.203576397183777283e-05 5.125518768804093739e-01 3.197067812149082407e-10 8.373840146015942842e-04 4.484989890183072037e-02 6.401747729292218692e-01
1.475000000000000089e+00 1.024999999999999911e+00 5.140352925810207640e-01 5.000008470574890396e-02 5.162623442215162894e-01 7.971428031868592334e-02 7.752688841291155430e-03 4.455705452670727373e-02 6.690428605280297480e-01
1.475000000000000089e+00 1.050000000000000044e+00 5.212794663315019061e-01 1.000000423529015248e-01 5.240655517721896084e-01 1.581837670963355535e-01 1.570408502018089125e-02 4.425998223143143978e-02 6.970314818051911443e-01
1.475000000000000089e+00 1.075000000000000178e+00 5.331343939560224676e-01 1.500000282352657033e-01 5.362033948815176920e-01 2.342968482187490764e-01 2.459254087131823585e-02 4.395886180814377597e-02 7.236709956340737770e-01
1.475000000000000089e+00 1.100000000000000089e+00 5.493016311816811825e-01 2.000000211764502434e-01 5.525173263153766445e-01 3.033507609893272838e-01 2.973404129643170135e-02 4.365387317860870697e-02 7.486108993706312997e-01
1.475000000000000089e+00 1.125000000000000000e+00 5.694139812288201430e-01 2.500000169411599193e-01 5.726966690552688366e-01 2.988006752797122134e-01 1.797200536934018267e-02 4.334519618626612308e-02 7.683132252009396979e-01
1.475000000000000089e+00 1.149999999999999911e+00 5.930702167693598925e-01 3.000000141176376589e-01 5.963689046224428525e-01 2.943417326630234920e-01 5.401904295987913773e-03 4.303301039240053916e-02 7.860160615042330878e-01
1.475000000000000089e+00 1.175000000000000044e+00 6.198647288069030203e-01 3.500000121008290943e-01 6.231456579941577756e-01 2.899717463746551704e-01 7.837964182337897601e-03 4.271749487678346002e-02 8.011182508041421180e-01
1.475000000000000089e+00 1.200000000000000178e+00 6.494091791920216794e-01 4.000000105882284274e-01 6.526500136898268911e-01 2.856885898695542547e-01 2.161882104132756277e-02 4.239882804311614906e-02 8.129646711842928308e-01
1.475000000000000089e+00 1.225000000000000089e+00 6.813459341765060184e-01 4.500000094117553306e-01 6.845322765028554191e-01 2.814901948531648990e-01 2.594649105426438673e-02 4.207718742958845709e-02 8.241425932045867153e-01
1.475000000000000089e+00 1.250000000000000000e+00 7.153546547125109178e-01 5.000000084705802372e-01 7.184777144299668850e-01 2.773745494008578172e-01 8.947331576303896306e-03 4.175274952484613750e-02 8.345698475743781319e-01
1.475000000000000089e+00 1.274999999999999911e+00 7.511539669194695623e-01 5.500000077005243737e-01 7.542089109425096360e-01 2.733396961597206465e-01 8.251847330780381906e-03 4.142568958964268355e-02 8.441225830588956480e-01
1.475000000000000089e+00 1.300000000000000044e+00 7.885000203036494071e-01 6.000000070588131784e-01 7.914847806723979140e-01 2.693837306270787657e-01 2.554374747688381575e-02 4.109618148441908370e-02 8.518024837135618199e-01
1.475000000000000089e+00 1.325000000000000178e+00 8.271833424452255112e-01 6.500000065158300089e-01 8.300977518320094006e-01 2.655047995007296935e-01 1.188667619079308846e-02 4.076439750305078935e-02 8.591210862610035859e-01
1.475000000000000089e+00 1.350000000000000089e+00 8.670249604358891693e-01 7.000000060504120158e-01 8.698701282124219336e-01 2.617010990962880257e-01 8.204286127563464870e-03 4.043050821296211017e-02 8.660827638515180560e-01
1.475000000000000089e+00 1.375000000000000000e+00 9.078723930260543806e-01 7.500000056470537135e-01 9.106502585302088670e-01 2.579708738274619773e-01 2.102715241996000461e-02 4.009468230179816239e-02 8.723099231018056621e-01
1.475000000000000089e+00 1.399999999999999911e+00 9.495958519385259144e-01 8.000000052941080853e-01 9.523088676362385652e-01 2.543124147454708384e-01 1.434201322947470381e-03 3.975708643081419386e-02 8.781841677811496050e-01
1.475000000000000089e+00 1.425000000000000044e+00 9.920848159400759148e-01 8.500000049826947901e-01 9.947357251058368544e-01 2.507240581341346752e-01 1.649006331976843320e-02 3.941788509512621219e-02 8.835615491199083626e-01
1.475000000000000089e+00 1.450000000000000178e+00 1.035245034771408612e+00 9.000000047058781538e-01 1.037836717428302080e+00 2.472041841574640908e-01 7.422491286896149010e-03 3.907724049093606877e-02 8.885214279337793064e-01
1.475000000000000089e+00 1.475000000000000089e+00 1.078995960149460087e+00 9.500000044582035397e-01 1.081531327960091993e+00 2.437512155568572481e-01 2.376690656845981131e-03 3.873531238983281277e-02 8.932628701477446365e-01
1.475000000000000089e+00 1.500000000000000000e+00 1.123268570742926187e+00 1.000000004235288564e+00 1.125750496775516307e+00 2.403636163952307392e-01 3.513315144457740402e-03 3.839225802024243128e-02 8.977203339851691499e-01
