2.500000000000000000e+00 5.000000000000000000e-01 1.414213562373095145e+00 1.421120063468910066e+00 9.999999999999948930e-01 6.370422316818248208e-08 8.977493774383584757e-01 2.335801162106019777e-02 5.068441275001578372e-01 1.235211830668449251e-02
2.500000000000000000e+00 5.250000000000000222e-01 1.379311422413371346e+00 1.386391804214766044e+00 9.999999999999928946e-01 6.073187308262441781e-08 8.977405651204947157e-01 2.331770856206337450e-02 5.135060432667923891e-01 1.226793222979327344e-02
2.500000000000000000e+00 5.500000000000000444e-01 1.345362404707370896e+00 1.352620506570073822e+00 9.999999999999997780e-01 5.772795356226242989e-08 8.977363496887448280e-01 2.327555800145271470e-02 5.206031404836475307e-01 1.172409806158436138e-02
2.500000000000000000e+00 5.749999999999999556e-01 1.312440474840668836e+00 1.319879628903288582e+00 9.999999999999995559e-01 5.469382493475114003e-08 8.977350946424561551e-01 2.323157637327900177e-02 5.281467580454635158e-01 1.111085463236717065e-02
2.500000000000000000e+00 5.999999999999999778e-01 1.280624847486568907e+00 1.288247738128764697e+00 9.999999999999993339e-01 5.163089316870498465e-08 8.977354209454486700e-01 2.318578076358186052e-02 5.361469197663112363e-01 1.049224189588818419e-02
2.500000000000000000e+00 6.250000000000000000e-01 1.250000000000000000e+00 1.257808504818552553e+00 9.999999999999966693e-01 4.854060804929676676e-08 8.977362608006143052e-01 2.313818889589389083e-02 5.446117983520152306e-01 9.868849274229906862e-03
2.500000000000000000e+00 6.500000000000000222e-01 1.220655561573369630e+00 1.228650574733874956e+00 9.999999999999982236e-01 4.542446148858718744e-08 8.977368783949551956e-01 2.308881911627922584e-02 5.535470970878721975e-01 9.241277678419323321e-03
2.500000000000000000e+00 6.750000000000000444e-01 1.192686044187656336e+00 1.200867284421504921e+00 9.999999999999955591e-01 4.228398558406228632e-08 8.977368948286533756e-01 2.303769037792531560e-02 5.629553529071854578e-01 8.610147154933781369e-03
2.500000000000000000e+00 6.999999999999999556e-01 1.166190378969060193e+00 1.174556186307781580e+00 9.999999999999988898e-01 3.912075051151568250e-08 8.977363009519059300e-01 2.298482222531170877e-02 5.728351719620294880e-01 7.976109703586777705e-03
2.500000000000000000e+00 7.249999999999999778e-01 1.141271221051332718e+00 1.149818348607240415e+00 1.000000000000000444e+00 3.593636245382217551e-08 8.977354576513135731e-01 2.293023477797528215e-02 5.831804185534446017e-01 7.339870220649306193e-03
2.500000000000000000e+00 7.500000000000000000e-01 1.118033988749894903e+00 1.126757398375480612e+00 1.000000000000035749e+00 3.273246131657137378e-08 8.977350836374364818e-01 2.287394871389960421e-02 5.939793901185701497e-01 6.702220704643378421e-03
2.500000000000000000e+00 7.750000000000000222e-01 1.096585609973065312e+00 1.105478283275560303e+00 1.000000000000977440e+00 2.951071815159719710e-08 8.977362282282185246e-01 2.281598525254549537e-02 6.052140242518626589e-01 6.064097067445609057e-03
2.500000000000000000e+00 8.000000000000000444e-01 1.077032961426900526e+00 1.086085740074820949e+00 1.000000000021622260e+00 2.627283296482465675e-08 8.977402572615064136e-01 2.275636613754851087e-02 6.168591971391592654e-01 5.426676394757593870e-03
2.500000000000000000e+00 8.249999999999999556e-01 1.059481005020854516e+00 1.068682476133056447e+00 1.000000000417676338e+00 2.302053180793983980e-08 8.977487951342691952e-01 2.269511361910754935e-02 6.288821842490158742e-01 4.791550670161721578e-03
2.500000000000000000e+00 8.500000000000000888e-01 1.044030650891054623e+00 1.053367094034115103e+00 1.000000007032742388e+00 1.975556437916959880e-08 8.977636831039195187e-01 2.263225043608900824e-02 6.412423609302864147e-01 4.161054362410630120e-03
2.500000000000000000e+00 8.750000000000000000e-01 1.030776406404415146e+00 1.040231817814604831e+00 1.000000102258467916e+00 1.647970098850180565e-08 8.977869278319129398e-01 2.256779979786476681e-02 6.538912196395533227e-01 3.538924539450044246e-03
2.500000000000000000e+00 9.000000000000000222e-01 1.019803902718556810e+00 1.029360109385379918e+00 1.000001258621777467e+00 1.319473009717337001e-08 8.978206476409222869e-01 2.250178536591669262e-02 6.667727690788237682e-01 2.931739682715836168e-03
2.500000000000000000e+00 9.250000000000000444e-01 1.011187420807834192e+00 1.020824291831792019e+00 1.000012603719381055e+00 9.902454916243570034e-09 8.978670185662188663e-01 2.243423123522456097e-02 6.798243569308777268e-01 2.352339039761335016e-03
2.500000000000000000e+00 9.499999999999999556e-01 1.004987562112088950e+00 1.014683317490671088e+00 1.000095622026810460e+00 6.604691060934815045e-09 8.979282221088815685e-01 2.236516191546496918e-02 6.929779225962077183e-01 1.828546488236177520e-03
2.500000000000000000e+00 9.750000000000000888e-01 1.001249219725039330e+00 1.010980828104016460e+00 1.000503514560320495e+00 3.303263317897231536e-09 8.979903642964797150e-01 2.229460231204410947e-02 7.061616425760179894e-01 1.424226417867239733e-03
2.500000000000000000e+00 1.000000000000000000e+00 9.999999999999996669e-01 1.009743648058195387e+00 1.001788671193665436e+00 2.954544797106494746e-12 8.979126758712808742e-01 2.222257770698971707e-02 7.193018848930844422e-01 6.338097307261063186e-06
2.500000000000000000e+00 1.024999999999999911e+00 1.001249219725039330e+00 1.010980828104016904e+00 1.004580628949581333e+00 3.303263354617179758e-09 8.978445909442310802e-01 2.214911373972592440e-02 7.323253480563284290e-01 1.424226419098947177e-03
2.500000000000000000e+00 1.050000000000000044e+00 1.004987562112088950e+00 1.014683317490671088e+00 1.009309880380672375e+00 6.604691078604573316e-09 8.977899695597031382e-01 2.207423638775188324e-02 7.451612325537325665e-01 1.828546490153279414e-03
2.500000000000000000e+00 1.075000000000000178e+00 1.011187420807834192e+00 1.020824291831792019e+00 1.016189793978067746e+00 9.902454956000520560e-09 8.977525108172039747e-01 2.199797194725477967e-02 7.577432847033688246e-01 2.352339041994411586e-03
2.500000000000000000e+00 1.100000000000000089e+00 1.019803902718557032e+00 1.029360109385377253e+00 1.025299220001500977e+00 1.319473009606902103e-08 8.977356836758085823e-01 2.192034701367105709e-02 7.700115661098783093e-01 2.931739685100662879e-03
2.500000000000000000e+00 1.125000000000000000e+00 1.030776406404415146e+00 1.040231817814604831e+00 1.036642960363681976e+00 1.647970103709359106e-08 8.977426396681323917e-01 2.184138846222867525e-02 7.819138346133742701e-01 3.538924541914515581e-03
2.500000000000000000e+00 1.149999999999999911e+00 1.044030650891054846e+00 1.053367094034118878e+00 1.050183477641977392e+00 1.975556438800448662e-08 8.977762553351823493e-01 2.176112342848739167e-02 7.934064681848715939e-01 4.161054364918930978e-03
2.500000000000000000e+00 1.175000000000000044e+00 1.059481005020854516e+00 1.068682476133056447e+00 1.065857251372685610e+00 2.302053182450519036e-08 8.978390375890282771e-01 2.167957928890000899e-02 8.044549132422289528e-01 4.791550672694634694e-03
2.500000000000000000e+00 1.200000000000000178e+00 1.077032961426900748e+00 1.086085740074820949e+00 1.083584017051125947e+00 2.627283297365951149e-08 8.979331099655480930e-01 2.159678364142087262e-02 8.150336849277810547e-01 5.426676397303884306e-03
2.500000000000000000e+00 1.225000000000000089e+00 1.096585609973064646e+00 1.105478283275561191e+00 1.103272645287680653e+00 2.951071817699745533e-08 8.980410893232837477e-01 2.151276428617761652e-02 8.251259826067092185e-01 6.064097069997561630e-03
2.500000000000000000e+00 1.250000000000000000e+00 1.118033988749894903e+00 1.126757398375480612e+00 1.124825286492870946e+00 3.273246130331911980e-08 8.979008392687909401e-01 2.142754920623291676e-02 8.347230058927973539e-01 6.702220707195619825e-03
2.500000000000000000e+00 1.274999999999999911e+00 1.141271221051332718e+00 1.149818348607238860e+00 1.148140492606241292e+00 3.593636249302692342e-08 8.978017482575716413e-01 2.134116654845317693e-02 8.437581433265892716e-01 7.339870223197475334e-03
2.500000000000000000e+00 1.300000000000000044e+00 1.166190378969060193e+00 1.174556186307781580e+00 1.173115642177695150e+00 3.912075051151574868e-08 8.977465179552868157e-01 2.125364460450591964e-02 8.520953191730985532e-01 7.976109706127686161e-03
2.500000000000000000e+00 1.325000000000000178e+00 1.192686044187656114e+00 1.200867284421504921e+00 1.199648833203847964e+00 4.228398557522750107e-08 8.977371729934120470e-01 2.116501179200813015e-02 8.594651861883080279e-01 8.610147157464397710e-03
2.500000000000000000e+00 1.350000000000000089e+00 1.220655561573369852e+00 1.228650574733875400e+00 1.227640340750510539e+00 4.542446151288312977e-08 8.977751153132967898e-01 2.107529663584083862e-02 8.663060201770049762e-01 9.241277680937024647e-03
2.500000000000000000e+00 1.375000000000000000e+00 1.250000000000000000e+00 1.257808504818552553e+00 1.256993708685303579e+00 4.854060806254895457e-08 8.978612399488176132e-01 2.098452774964934542e-02 8.726865575476759895e-01 9.868849276732370376e-03
2.500000000000000000e+00 1.399999999999999911e+00 1.280624847486569573e+00 1.288247738128765363e+00 1.287616533043608680e+00 5.163089318637479338e-08 8.979958867263664324e-01 2.089273381755145376e-02 8.784070728679880258e-01 1.049224189837258403e-02
2.500000000000000000e+00 1.425000000000000044e+00 1.312440474840668836e+00 1.319879628903288582e+00 1.319420988417559837e+00 5.469382494800354620e-08 8.978896086033464341e-01 2.079994357606698360e-02 8.837960500626481641e-01 1.111085463483103136e-02
2.500000000000000000e+00 1.450000000000000178e+00 1.345362404707370896e+00 1.352620506570073822e+00 1.352324144094525504e+00 5.772795356667987876e-08 8.977781947299791065e-01 2.070618579628356881e-02 8.888393322169269029e-01 1.172409806402555273e-02
2.500000000000000000e+00 1.475000000000000089e+00 1.379311422413371790e+00 1.386391804214766044e+00 1.386248111995926457e+00 6.073187308704185345e-08 8.977356082478621380e-01 2.061148926628309647e-02 8.934068526480505312e-01 1.226793223011580711e-02
2.500000000000000000e+00 1.500000000000000000e+00 1.414213562373095145e+00 1.421120063468910066e+00 1.421120063468909622e+00 6.370422318585237022e-08 8.977606376363063134e-01 2.051588277383490852e-02 8.977606111345801665e-01 1.235211830703529176e-02
