2.174999999999999822e+00 5.000000000000000000e-01 1.059481005020854516e+00 1.065857251372690495e+00 3.499999999999976463e-01 8.700149594453183430e-08 8.044549133152686382e-01 2.691537001767974752e-02 2.112937280136428231e-01 1.288827149214744755e-02
2.174999999999999822e+00 5.250000000000000222e-01 1.012422836565828543e+00 1.019093558170080183e+00 3.499999999999980904e-01 8.301722615190733287e-08 8.029883611166119817e-01 2.686219951498858283e-02 2.164546483430714874e-01 1.263198287242819733e-02
2.174999999999999822e+00 5.500000000000000444e-01 9.656603957913980629e-01 9.726518803270559621e-01 3.499999999999982014e-01 7.897926381659264427e-08 8.018133598366911086e-01 2.680661291958036374e-02 2.221823695726501402e-01 1.239128915409359530e-02
2.174999999999999822e+00 5.749999999999999556e-01 9.192388155425117446e-01 9.265806388565193119e-01 3.499999999999979239e-01 7.488977981293385913e-08 8.009905600112916524e-01 2.674863476718214450e-02 2.285515200624329002e-01 1.216673274424003547e-02
2.174999999999999822e+00 5.999999999999999778e-01 8.732124598286488126e-01 8.809379548547975336e-01 3.499999999999963141e-01 7.075104201004580037e-08 8.005928948782591315e-01 2.668829054567720127e-02 2.356506172320305681e-01 1.195867721692980834e-02
2.174999999999999822e+00 6.250000000000000000e-01 8.276472678623422174e-01 8.357940417972302694e-01 3.499999999999978684e-01 6.656541229777408830e-08 8.005828281607116903e-01 2.662560667087818245e-02 2.435850306692461942e-01 1.176729998514928002e-02
2.174999999999999822e+00 6.500000000000000222e-01 7.826237921249257212e-01 7.912342764970132780e-01 3.499999999999990341e-01 6.233534324490415357e-08 8.005950831352859343e-01 2.656061046155498012e-02 2.524805917023242308e-01 1.159259071478334346e-02
2.174999999999999822e+00 6.750000000000000444e-01 7.382411530116699261e-01 7.473631515560262839e-01 3.499999999999988676e-01 5.806337431562470101e-08 8.006327478460493197e-01 2.649333011375679808e-02 2.624879316718440325e-01 1.143435605826915134e-02
2.174999999999999822e+00 6.999999999999999556e-01 6.946221994724901538e-01 7.043093640608186767e-01 3.499999999999953149e-01 5.375212808930806852e-08 8.010008023571213442e-01 2.642379467446609453e-02 2.737875708513111128e-01 1.129223093867283770e-02
2.174999999999999822e+00 7.249999999999999778e-01 6.519202405202646489e-01 6.622323461623962348e-01 3.499999999999986455e-01 4.940430565643448499e-08 8.007274943685293023e-01 2.635203401462797232e-02 2.865956299783665173e-01 1.116569621999510820e-02
2.174999999999999822e+00 7.500000000000000000e-01 6.103277807866849258e-01 6.213305724843665168e-01 3.500000000001082245e-01 4.502268213489505599e-08 8.005926621550324418e-01 2.627807880159346854e-02 3.011697124782504176e-01 1.105410219760110356e-02
2.174999999999999822e+00 7.750000000000000222e-01 5.700877125495686926e-01 5.818519401907631394e-01 3.500000000027981839e-01 4.061010158552063051e-08 8.005745214853240421e-01 2.620196047102386558e-02 3.178138610710101175e-01 1.095669697752389704e-02
2.174999999999999822e+00 8.000000000000000444e-01 5.315072906367319661e-01 5.441063134202305251e-01 3.500000000617881080e-01 3.616947173766284781e-08 8.006458582229398768e-01 2.612371119828911514e-02 3.368802938936263924e-01 1.087265852348448698e-02
2.174999999999999822e+00 8.249999999999999556e-01 4.949747468305831233e-01 5.084797737410496898e-01 3.500000011933642741e-01 3.170375844972712681e-08 8.007755267830506396e-01 2.604336386941457498e-02 3.587635616490809087e-01 1.080112896223991981e-02
2.174999999999999822e+00 8.500000000000000888e-01 4.609772228646438208e-01 4.754489250211375029e-01 3.500000200935489136e-01 2.721598001067934894e-08 8.009304172220204077e-01 2.596095205161048566e-02 3.838796055989341927e-01 1.074124966180677390e-02
2.174999999999999822e+00 8.750000000000000000e-01 4.301162633521309897e-01 4.455913826632608155e-01 3.500002921669468359e-01 2.270920097330425743e-08 8.010784397774176613e-01 2.587650996343150017e-02 4.126183448954969246e-01 1.052357809769042044e-02
2.174999999999999822e+00 9.000000000000000222e-01 4.031128874149271235e-01 4.195851287924201589e-01 3.500035960460158302e-01 1.818652604488864714e-08 8.011918233568379177e-01 2.579007244460906900e-02 4.452563031967448071e-01 1.006647002136817556e-02
2.174999999999999822e+00 9.250000000000000444e-01 3.807886552931949997e-01 3.981854847979205969e-01 3.500360090013813208e-01 1.365109356708564732e-08 8.012503147338496667e-01 2.570167492559927158e-02 4.818219102863982584e-01 9.695060645574710145e-03
2.174999999999999822e+00 9.499999999999999556e-01 3.640054944640256362e-01 3.821670842756530462e-01 3.502731122955240473e-01 9.106069137134797384e-09 8.012436980275366993e-01 2.561135339688998258e-02 5.219309562908882594e-01 9.420270955622596365e-03
2.174999999999999822e+00 9.750000000000000888e-01 3.535533905932733978e-01 3.722253085212680612e-01 3.514360292393977625e-01 4.554639145151882889e-09 8.011731223217439801e-01 2.551914437811361389e-02 5.646570424897934259e-01 9.251264992376054958e-03
2.174999999999999822e+00 1.000000000000000000e+00 3.499999999999994782e-01 3.688518405860982674e-01 3.550782191742712923e-01 4.074176797950528447e-12 8.010509504764151689e-01 2.542508488700110508e-02 6.085434330634160727e-01 2.806225875927821203e-05
2.174999999999999822e+00 1.024999999999999911e+00 3.535533905932731757e-01 3.722253085212715584e-01 3.628804762738456757e-01 4.554639193743688149e-09 8.008991623681598337e-01 2.532921240822869763e-02 6.518311723347393061e-01 9.251264992831300174e-03
2.174999999999999822e+00 1.050000000000000044e+00 3.640054944640256362e-01 3.821670842756530462e-01 3.757744464889091751e-01 9.106069150387081139e-09 8.007466547487331887e-01 2.523156486219300942e-02 6.928439753268282875e-01 9.420270956515684052e-03
2.174999999999999822e+00 1.075000000000000178e+00 3.807886552931949997e-01 3.981854847979205969e-01 3.938803084506596885e-01 1.365109356708564070e-08 8.006259767719866582e-01 2.513218057375980752e-02 7.247673693086217339e-01 9.695060646873962518e-03
2.174999999999999822e+00 1.100000000000000089e+00 4.031128874149272900e-01 4.195851287924238227e-01 4.168194939487442352e-01 1.818652604930606954e-08 8.005700757842335591e-01 2.503109824102668635e-02 7.497633636653713296e-01 1.006647002303284223e-02
2.174999999999999822e+00 1.125000000000000000e+00 4.301162633521310452e-01 4.455913826632608155e-01 4.439916973002738798e-01 2.270920100643503795e-08 8.006093579200749266e-01 2.492835690414013997e-02 7.690705827337146472e-01 1.052357809967499613e-02
2.174999999999999822e+00 1.149999999999999911e+00 4.609772228646440428e-01 4.754489250211351714e-01 4.747476558259162704e-01 2.721598003718405873e-08 8.007701239977839114e-01 2.482399591420714202e-02 7.861404478164863985e-01 1.074124966202406189e-02
2.174999999999999822e+00 1.175000000000000044e+00 4.949747468305831233e-01 5.084797737410496898e-01 5.084797737410540197e-01 3.170375846739678996e-08 8.010729725270160362e-01 2.471805490233993860e-02 8.006946173903792818e-01 1.080112896250221173e-02
2.174999999999999822e+00 1.200000000000000178e+00 5.315072906367320771e-01 5.441063134202305251e-01 5.446598222823648694e-01 3.616947173324537247e-08 8.015324470379115995e-01 2.461057374887393526e-02 8.133239814732624584e-01 1.087265852379495218e-02
2.174999999999999822e+00 1.225000000000000089e+00 5.700877125495689146e-01 5.818519401907624733e-01 5.828469180154248752e-01 4.061010158110321472e-08 8.014861488153139923e-01 2.450159255279238391e-02 8.248811243721225761e-01 1.095669697788629812e-02
2.174999999999999822e+00 1.250000000000000000e+00 6.103277807866849258e-01 6.213305724843665168e-01 6.226812387841531571e-01 4.502268217023450139e-08 8.008553769961463953e-01 2.439115160139936067e-02 8.347487950288066116e-01 1.105410219801832017e-02
2.174999999999999822e+00 1.274999999999999911e+00 6.519202405202644268e-01 6.622323461623984553e-01 6.638724205463728545e-01 4.940430567410420769e-08 8.005828979278828417e-01 2.427929134027147912e-02 8.437966198184941868e-01 1.116569622047084744e-02
2.174999999999999822e+00 1.300000000000000044e+00 6.946221994724901538e-01 7.043093640608186767e-01 7.061871635211044440e-01 5.375212810256032911e-08 8.006551024685099049e-01 2.416605234352572906e-02 8.519717403847654191e-01 1.129223093920956635e-02
2.174999999999999822e+00 1.325000000000000178e+00 7.382411530116694820e-01 7.473631515560262839e-01 7.494380047791495691e-01 5.806337433605533422e-08 8.010508738915413929e-01 2.405147528443524890e-02 8.594729626488208929e-01 1.143435605886954781e-02
2.174999999999999822e+00 1.350000000000000089e+00 7.826237921249261653e-01 7.912342764970132780e-01 7.934738850384586151e-01 6.233534325373902484e-08 8.006767388174209632e-01 2.393560090642524174e-02 8.663182844454112574e-01 1.159259071544919625e-02
2.174999999999999822e+00 1.375000000000000000e+00 8.276472678623423285e-01 8.357940417972302694e-01 8.381725261987762465e-01 6.656541228148486387e-08 8.005984605463268844e-01 2.381846999447961161e-02 8.726461033344350415e-01 1.176729998588120149e-02
2.174999999999999822e+00 1.399999999999999911e+00 8.732124598286487016e-01 8.809379548547987548e-01 8.834343983382447751e-01 7.075104204869821662e-08 8.005928948788877397e-01 2.370012334698787596e-02 8.784355297182682154e-01 1.195867721772844727e-02
2.174999999999999822e+00 1.425000000000000044e+00 9.192388155425117446e-01 9.265806388565193119e-01 9.291779940769027135e-01 7.488977982618616604e-08 8.009905600137861015e-01 2.358060174806008227e-02 8.837797391148548565e-01 1.216673274510540401e-02
2.174999999999999822e+00 1.450000000000000178e+00 9.656603957913980629e-01 9.726518803270559621e-01 9.753361424150064352e-01 7.897926383867990187e-08 8.018133598407310991e-01 2.345994594033712355e-02 8.887975904913922864e-01 1.239128915502443404e-02
2.174999999999999822e+00 1.475000000000000089e+00 1.012422836565829432e+00 1.019093558170081071e+00 1.021853134267482144e+00 8.301722616515957361e-08 8.029883611219319484e-01 2.333819659832207447e-02 8.934115676087750479e-01 1.263198287342242113e-02
2.174999999999999822e+00 1.500000000000000000e+00 1.059481005020854294e+00 1.065857251372690495e+00 1.068682476133056447e+00 8.700149595778408827e-08 8.044549133216470915e-01 2.321539430225444747e-02 8.977441364748545150e-01 1.288827149320321067e-02
