1.875000000000000000e+00 5.000000000000000000e-01 1.030776406404415146e+00 1.000000102258469914e+00 2.499999999999970857e-01 1.199935527427132150e-07 6.538912196181267955e-01 3.095491050881920420e-02 1.533237690585805835e-01 1.507917319603468975e-02
1.875000000000000000e+00 5.250000000000000222e-01 9.823441352194244303e-01 9.500001076404918088e-01 2.499999999999960032e-01 1.146361602596311291e-07 6.426259836941086157e-01 3.088509463023184076e-02 1.572882957165021578e-01 1.436684337472291656e-02
1.875000000000000000e+00 5.500000000000000444e-01 9.340770846134701655e-01 9.000001136205195706e-01 2.499999999999972522e-01 1.091858321198986074e-07 6.306947167403404997e-01 3.081213694248154111e-02 1.617135259143984705e-01 1.366312164480340020e-02
1.875000000000000000e+00 5.749999999999999556e-01 8.860022573334677132e-01 8.500001203040807862e-01 2.499999999999966138e-01 1.036459882871863586e-07 6.180178929298921764e-01 3.073607375044866419e-02 1.666671033880296471e-01 1.297063762295763353e-02
1.875000000000000000e+00 5.999999999999999778e-01 8.381527307120104631e-01 8.000001278230826074e-01 2.499999999999970024e-01 9.802025999920363393e-08 6.045001959017166637e-01 3.065694273417840857e-02 1.722312170179943203e-01 1.229205488817803997e-02
1.875000000000000000e+00 6.250000000000000000e-01 7.905694150420947697e-01 7.500001363446202607e-01 2.499999999999963640e-01 9.231248520383103953e-08 5.900263169859140122e-01 3.057478290897543138e-02 1.785064952673186545e-01 1.163006677217391129e-02
1.875000000000000000e+00 6.500000000000000222e-01 7.433034373659250793e-01 7.000001460835149070e-01 2.499999999999956146e-01 8.652670254731560185e-08 5.744553977295387970e-01 3.048963458432941975e-02 1.856171517804504623e-01 1.098729067969667419e-02
1.875000000000000000e+00 6.750000000000000444e-01 6.964194138592056937e-01 6.500001573207090377e-01 2.499999999999978628e-01 8.066714491061261328e-08 5.576136214444051831e-01 3.040153932174127424e-02 1.937178304057564637e-01 1.036639526536064539e-02
1.875000000000000000e+00 6.999999999999999556e-01 6.500000000000000222e-01 6.000001704307669215e-01 2.500000000000000000e-01 7.473823161095110864e-08 5.392842740311328820e-01 3.031053989152174277e-02 2.030027569774300877e-01 9.770373055883043584e-03
1.875000000000000000e+00 7.249999999999999778e-01 6.041522986797286388e-01 5.500001859244705305e-01 2.500000000000028866e-01 6.874455983587168629e-08 5.191943609510640822e-01 3.021668022863643888e-02 2.137179977498407379e-01 9.202113270685777224e-03
1.875000000000000000e+00 7.500000000000000000e-01 5.590169943749474513e-01 5.000002045169096299e-01 2.500000000001537659e-01 6.269089500175761152e-08 4.969966120330178705e-01 3.012000538767067165e-02 2.261778137651421772e-01 8.664613174996870990e-03
1.875000000000000000e+00 7.750000000000000222e-01 5.147815070493499956e-01 4.500002272409996396e-01 2.500000000039162562e-01 5.658216043235229260e-08 4.722455420850998897e-01 3.002056149699094609e-02 2.407861594359699264e-01 8.161017380002180341e-03
1.875000000000000000e+00 8.000000000000000444e-01 4.716990566028300691e-01 4.000002556461070835e-01 2.500000000865031380e-01 5.042342579915693191e-08 4.443665083572481689e-01 2.991839571217733487e-02 2.580639412675739819e-01 7.694659768565845041e-03
1.875000000000000000e+00 8.249999999999999556e-01 4.301162633521313783e-01 3.500002921669521094e-01 2.500000016707130124e-01 4.421989522002605049e-08 4.126183447383933722e-01 2.981355616880432269e-02 2.786808012693542946e-01 7.269099167316979936e-03
1.875000000000000000e+00 8.500000000000000888e-01 3.905124837953325434e-01 3.000003408613904909e-01 2.500000281309700534e-01 3.797689429302351330e-08 3.760554439744183686e-01 2.970609193464597564e-02 3.034847272045429478e-01 6.888134089228449899e-03
1.875000000000000000e+00 8.750000000000000000e-01 3.535533905932737864e-01 2.500004090335649076e-01 2.500004090335659068e-01 3.169985641272075389e-08 3.335091338967834940e-01 2.959605296138580893e-02 3.335091332605233383e-01 6.555775651773683432e-03
1.875000000000000000e+00 9.000000000000000222e-01 3.201562118716423377e-01 2.000005112917239147e-01 2.500050344395924329e-01 2.539430867636429975e-08 2.836396639264968655e-01 2.948349003590256673e-02 3.699078868255032404e-01 6.276153828461665182e-03
1.875000000000000000e+00 9.250000000000000444e-01 2.915475947422649927e-01 1.500006817216193999e-01 2.500504101128764867e-01 1.906585717381013925e-08 2.251654796630160882e-01 2.936845473121344613e-02 4.137214311319300508e-01 6.053335307011932336e-03
1.875000000000000000e+00 9.499999999999999556e-01 2.692582403567252425e-01 1.000010225795257002e-01 2.503822142189651156e-01 1.272017176503544203e-08 1.574232967942482686e-01 2.925099935714931682e-02 4.653487793729789712e-01 5.891047077584819595e-03
1.875000000000000000e+00 9.750000000000000888e-01 2.549509756796392579e-01 5.000204512768532256e-02 2.520065131054263774e-01 6.362970866485658594e-09 8.129357622523369908e-02 2.913117691083877414e-02 5.237369595133696265e-01 5.792330784506031366e-03
1.875000000000000000e+00 1.000000000000000000e+00 2.500000000000000000e-01 4.522355041576199986e-04 2.570613579127953852e-01 5.691951027826878012e-12 7.355334602687779721e-05 2.900904102707551474e-02 5.857805421478095020e-01 5.759191455115509825e-03
1.875000000000000000e+00 1.024999999999999911e+00 2.549509756796392024e-01 5.000204512768408743e-02 2.677353918717819137e-01 6.362970906242599194e-09 8.129357654304991687e-02 2.888464592864318364e-02 6.468512610982959377e-01 5.792330784771040735e-03
1.875000000000000000e+00 1.050000000000000044e+00 2.692582403567252425e-01 1.000010225795257002e-01 2.849674273211736941e-01 1.272017177828771917e-08 1.574232970833001066e-01 2.875804637667199806e-02 6.932550443616496416e-01 5.891047078108403376e-03
1.875000000000000000e+00 1.075000000000000178e+00 2.915475947422649372e-01 1.500006817216193999e-01 3.084504780109579292e-01 1.906585719123829212e-08 2.251654799153811060e-01 2.862929762109880580e-02 7.247427873790392994e-01 6.053335307784389087e-03
1.875000000000000000e+00 1.100000000000000089e+00 3.201562118716425598e-01 2.000005112917233041e-01 3.372513758840562925e-01 2.539430868519921735e-08 2.836396641424340781e-01 2.849845535130114335e-02 7.489397216937161428e-01 6.276153829469085024e-03
1.875000000000000000e+00 1.125000000000000000e+00 3.535533905932737864e-01 2.500004090335649076e-01 3.703088268885569856e-01 3.169985642597304757e-08 3.335091340806928817e-01 2.836557564697681291e-02 7.693593949388800590e-01 6.555775653000555335e-03
1.875000000000000000e+00 1.149999999999999911e+00 3.905124837953325434e-01 3.000003408613908240e-01 4.066759603323072403e-01 3.797689431069322938e-08 3.760554441317857099e-01 2.823071492933373200e-02 7.859862342540838709e-01 6.888134090657559334e-03
1.875000000000000000e+00 1.175000000000000044e+00 4.301162633521313783e-01 3.500002921669521094e-01 4.455913826632578179e-01 4.421989523769582614e-08 4.126183448743104276e-01 2.809392991265700912e-02 8.010357769964316921e-01 7.269099168932715259e-03
1.875000000000000000e+00 1.200000000000000178e+00 4.716990566028300691e-01 4.000002556461070835e-01 4.864712961816534120e-01 5.042342583007887550e-08 4.443665084759448880e-01 2.795527755632182948e-02 8.133220262791529542e-01 7.694659770352153122e-03
1.875000000000000000e+00 1.225000000000000089e+00 5.147815070493502176e-01 4.500002272409996396e-01 5.288766678915599595e-01 5.658216045002199545e-08 4.722455421899272587e-01 2.781481501730596537e-02 8.246227379638698674e-01 8.161017381944479093e-03
1.875000000000000000e+00 1.250000000000000000e+00 5.590169943749474513e-01 5.000002045169096299e-01 5.724787551811548747e-01 6.269089504468952939e-08 4.969966121265803616e-01 2.767259960327121335e-02 8.347013931255309327e-01 8.664613177081215839e-03
1.875000000000000000e+00 1.274999999999999911e+00 6.041522986797285277e-01 5.500001859244694202e-01 6.170304617781088297e-01 6.874455986679393428e-08 5.191943610353786376e-01 2.752868872626814539e-02 8.437555836515296948e-01 9.202113272899466526e-03
1.875000000000000000e+00 1.300000000000000044e+00 6.500000000000000222e-01 6.000001704307669215e-01 6.623445552897568867e-01 7.473823163985965492e-08 5.392842741077673585e-01 2.738313985711495618e-02 8.520918904312281272e-01 9.770373058213611614e-03
1.875000000000000000e+00 1.325000000000000178e+00 6.964194138592059158e-01 6.500001573207090377e-01 7.082777160177735620e-01 8.066714492386506578e-08 5.576136215145862662e-01 2.723601048051581264e-02 8.594574011788359558e-01 1.036639526779649205e-02
1.875000000000000000e+00 1.350000000000000089e+00 7.433034373659250793e-01 7.000001460835219014e-01 7.547190246959696314e-01 8.652670258265529872e-08 5.744553977942354894e-01 2.708735805095683485e-02 8.663528484088887094e-01 1.098729068222622542e-02
1.875000000000000000e+00 1.375000000000000000e+00 7.905694150420948807e-01 7.500001363446202607e-01 8.015816762342009572e-01 9.231248523917041876e-08 5.900263170458999173e-01 2.693723994943842889e-02 8.726130849462119254e-01 1.163006677478483838e-02
1.875000000000000000e+00 1.399999999999999911e+00 8.381527307120103520e-01 8.000001278230843837e-01 8.487969934956507423e-01 9.802026003454299992e-08 6.045001959576152828e-01 2.678571344108438695e-02 8.784079202213678217e-01 1.229205489086094075e-02
1.875000000000000000e+00 1.425000000000000044e+00 8.860022573334677132e-01 8.500001203040807862e-01 8.963100717256116123e-01 1.036459882777991027e-07 6.180178929822117695e-01 2.663283563367294798e-02 8.837813335445737772e-01 1.297063762570177005e-02
1.875000000000000000e+00 1.450000000000000178e+00 9.340770846134701655e-01 9.000001136205195706e-01 9.440765809514564122e-01 1.091858321277844973e-07 6.306947167894991768e-01 2.647866343713182330e-02 8.887835338292071619e-01 1.366312164759769972e-02
1.875000000000000000e+00 1.475000000000000089e+00 9.823441352194244303e-01 9.500001076404942513e-01 9.920603953450974899e-01 1.146361602773011364e-07 6.426259837404534325e-01 2.632325352403287050e-02 8.934186974438123041e-01 1.432536474274838031e-02
1.875000000000000000e+00 1.500000000000000000e+00 1.030776406404415146e+00 1.000000102258469914e+00 1.040231817814603055e+00 1.199935527868876773e-07 6.538912196619487416e-01 2.616666229112463854e-02 8.977485637919608852e-01 1.416459681664044776e-02
