1.574999999999999956e+00 5.000000000000000000e-01 1.312440474840668836e+00 1.000000000000000000e+00 8.499999999999985345e-01 1.724570006980867765e-07 5.281467579150705971e-01 3.595063589802419135e-02 4.514854048691707700e-01 2.080442252800443481e-02
1.574999999999999956e+00 5.250000000000000222e-01 1.274754878398195901e+00 9.499999999999987343e-01 8.499999999999943157e-01 1.650536397688569720e-07 5.109650477504147359e-01 3.585731436566517993e-02 4.584818618374582044e-01 2.081862836975056572e-02
1.574999999999999956e+00 5.500000000000000444e-01 1.237941840313994568e+00 8.999999999999958034e-01 8.499999999999954259e-01 1.574777335187960731e-07 4.929457642171177212e-01 3.575984191076378438e-02 4.659938548792147972e-01 2.083006951030490911e-02
1.574999999999999956e+00 5.749999999999999556e-01 1.202081528017131085e+00 8.499999999999967581e-01 8.499999999999963141e-01 1.497346623373035828e-07 4.740452126525179222e-01 3.565827350192101591e-02 4.740452124226891550e-01 2.081786531067608692e-02
1.574999999999999956e+00 5.999999999999999778e-01 1.167261752992875046e+00 7.999999999999993783e-01 8.499999999999972022e-01 1.418303125211032324e-07 4.542195898895580175e-01 3.555266613111121576e-02 4.826594981854970268e-01 2.080984282473532718e-02
1.574999999999999956e+00 6.250000000000000000e-01 1.133578404875463352e+00 7.499999999999982236e-01 8.499999999999934275e-01 1.337710717106843398e-07 4.334258706779693382e-01 3.544307874626394239e-02 4.918593319105167283e-01 2.080497006524222384e-02
1.574999999999999956e+00 6.500000000000000222e-01 1.101135777277261418e+00 6.999999999999982903e-01 8.499999999999978684e-01 1.255638210272649693e-07 4.116229697004125665e-01 3.532957218197254473e-02 5.016655244432626226e-01 2.080232420693153839e-02
1.574999999999999956e+00 6.750000000000000444e-01 1.070046727951634580e+00 6.499999999999968026e-01 8.499999999999987566e-01 1.172159243340034590e-07 3.887732232400482046e-01 3.521220908846613151e-02 5.120960040680370140e-01 2.080111667272110942e-02
1.574999999999999956e+00 6.999999999999999556e-01 1.040432602334240508e+00 5.999999999999980904e-01 8.499999999999963141e-01 1.087352143608263701e-07 3.648442269303771579e-01 3.509105385897219598e-02 5.231645192581946269e-01 1.965221144696503025e-02
1.574999999999999956e+00 7.249999999999999778e-01 1.012422836565828987e+00 5.499999999999997113e-01 8.499999999999997558e-01 1.001299755956961291e-07 3.398110490574002829e-01 3.496617255561061677e-02 5.348791180351020191e-01 1.850428601369770443e-02
1.574999999999999956e+00 7.500000000000000000e-01 9.861541461658009933e-01 4.999999999999980016e-01 8.500000000000440536e-01 9.140892437963927731e-08 3.136588093025149959e-01 3.483763283395315685e-02 5.472404278331622907e-01 1.738510657107286000e-02
1.574999999999999956e+00 7.750000000000000222e-01 9.617692030835672812e-01 4.499999999999984013e-01 8.500000000011509460e-01 8.258118515860511895e-08 2.863855677962557356e-01 3.470550386638698859e-02 5.602397933549622122e-01 1.630355591075340060e-02
1.574999999999999956e+00 8.000000000000000444e-01 9.394147114027964207e-01 4.000000000000005218e-01 8.500000000254399612e-01 7.365626490650473128e-08 2.580054078098239501e-01 3.456985626442454079e-02 5.738573730337225287e-01 1.526983719767799515e-02
1.574999999999999956e+00 8.249999999999999556e-01 9.192388155425116336e-01 3.499999999999993117e-01 8.500000004913854657e-01 6.464402362556661147e-08 2.285515197611677207e-01 3.443076200009631549e-02 5.880603443301960498e-01 1.429579863683786561e-02
1.574999999999999956e+00 8.500000000000000888e-01 9.013878188659971702e-01 2.999999999999984346e-01 8.500000082738143892e-01 5.555464269981757070e-08 1.980790123753703447e-01 3.428829432656972653e-02 6.028014172354300149e-01 1.339525194303698916e-02
1.574999999999999956e+00 8.750000000000000000e-01 8.860022573334674911e-01 2.499999999999995837e-01 8.500001203040792319e-01 4.639859070632866390e-08 1.666671036882455548e-01 3.414252769813397315e-02 6.180178926941327644e-01 1.258418208912712166e-02
1.574999999999999956e+00 9.000000000000000222e-01 8.732124598286489237e-01 1.999999999999981792e-01 8.500014807311445653e-01 3.718658686754900617e-08 1.344203016165949061e-01 3.399353768968741557e-02 6.336315134099974600e-01 1.188066667656294435e-02
1.574999999999999956e+00 9.250000000000000444e-01 8.631338250816028568e-01 1.499999999999964140e-01 8.500148278692643000e-01 2.792956236118464117e-08 1.014681957030827975e-01 3.384140091587403698e-02 6.495493235284357514e-01 1.130424380179883073e-02
1.574999999999999956e+00 9.499999999999999556e-01 8.558621384311841940e-01 9.999999999999746592e-02 8.501124944365825442e-01 1.863862049037618252e-08 6.796356901314037913e-02 3.368619494999877673e-02 6.656656710010206979e-01 1.087446083869106003e-02
1.574999999999999956e+00 9.750000000000000888e-01 8.514693182963202212e-01 4.999999999999804601e-02 8.505923128312145032e-01 9.324995139912396836e-09 3.407870977716792593e-02 3.352799824286439856e-02 6.818653535312894087e-01 1.060852551743550302e-02
1.574999999999999956e+00 1.000000000000000000e+00 8.500000000000000888e-01 4.255532600968479691e-13 8.521035980043567548e-01 8.341911883273764032e-12 3.051003315857059306e-05 3.336689004166132344e-02 6.980277435136063025e-01 1.051843771773099470e-02
1.574999999999999956e+00 1.024999999999999911e+00 8.514693182963202212e-01 4.999999999999721334e-02 8.553842645622692364e-01 9.324995190712893445e-09 3.407870991322264898e-02 3.320295030904528433e-02 7.140315623934145872e-01 1.060852551815347558e-02
1.574999999999999956e+00 1.050000000000000044e+00 8.558621384311846381e-01 9.999999999999746592e-02 8.609334670193994343e-01 1.863862050804589860e-08 6.796356914803941551e-02 3.303625964253210923e-02 7.297598510838049224e-01 1.087446084009242690e-02
1.574999999999999956e+00 1.075000000000000178e+00 8.631338250816035229e-01 1.499999999999964140e-01 8.689888937064658148e-01 2.792956243407232590e-08 1.014681958361051684e-01 3.286689919433696816e-02 7.451046353425143653e-01 1.130424380382399202e-02
1.574999999999999956e+00 1.100000000000000089e+00 8.732124598286490347e-01 1.999999999999991784e-01 8.796240620490585194e-01 3.718658689405367294e-08 1.344203017470875783e-01 3.269495059178394863e-02 7.599708289384523585e-01 1.188066667913618632e-02
1.574999999999999956e+00 1.125000000000000000e+00 8.860022573334677132e-01 2.499999999999995837e-01 8.928206019529205673e-01 4.639859074387688668e-08 1.666671038156414264e-01 3.252049585840668944e-02 7.742790425391482545e-01 1.258418209216902520e-02
1.574999999999999956e+00 1.149999999999999911e+00 9.013878188659973922e-01 2.999999999999984346e-01 9.085072023447071654e-01 5.555464272632231688e-08 1.980790124991997359e-01 3.234361733585737475e-02 7.879671396628001867e-01 1.339525194647162368e-02
1.574999999999999956e+00 1.175000000000000044e+00 9.192388155425119667e-01 3.499999999999993117e-01 9.265806388565149820e-01 6.464402364654947046e-08 2.285515198810649240e-01 3.216439760674080772e-02 8.009905598994302434e-01 1.429579864059690036e-02
1.574999999999999956e+00 1.200000000000000178e+00 9.394147114027968648e-01 4.000000000000005218e-01 9.469183291122073021e-01 7.365626495951401188e-08 2.580054079255212351e-01 3.198291941847970776e-02 8.133215759252760968e-01 1.526983720170193431e-02
1.574999999999999956e+00 1.225000000000000089e+00 9.617692030835669481e-01 4.499999999999977351e-01 9.693866771521459924e-01 8.258118521161434661e-08 2.863855679075780758e-01 3.179926560831985299e-02 8.246139955440221492e-01 1.630355591499114964e-02
1.574999999999999956e+00 1.250000000000000000e+00 9.861541461658009933e-01 4.999999999999980016e-01 9.938470330658365492e-01 9.140892440172642903e-08 3.136588094093696322e-01 3.161351902957932475e-02 8.347128516756801009e-01 1.671138494277068023e-02
1.574999999999999956e+00 1.274999999999999911e+00 1.012422836565829209e+00 5.499999999999984901e-01 1.020160080949112924e+00 1.001299756707925747e-07 3.398110491597652327e-01 3.142576247923013766e-02 8.437860306924100939e-01 1.652336579216828055e-02
1.574999999999999956e+00 1.300000000000000044e+00 1.040432602334240730e+00 5.999999999999980904e-01 1.048189062107584668e+00 1.087352143961658684e-07 3.648442270282877820e-01 3.123607862691642201e-02 8.519793816842937684e-01 1.634017065655868697e-02
1.574999999999999956e+00 1.325000000000000178e+00 1.070046727951634580e+00 6.499999999999968026e-01 1.077802079700791449e+00 1.172159243605081390e-07 3.887732233335863818e-01 3.104454994548533700e-02 8.594631048865692957e-01 1.616158554122120936e-02
1.574999999999999956e+00 1.350000000000000089e+00 1.101135777277261418e+00 6.999999999999961808e-01 1.108873665589564794e+00 1.255638210435892000e-07 4.116229697896943152e-01 3.085125864312165955e-02 8.663206959816803776e-01 1.598738725979084035e-02
1.574999999999999956e+00 1.375000000000000000e+00 1.133578404875463352e+00 7.499999999999982236e-01 1.141285758990464583e+00 1.337710717548585903e-07 4.334258707631359342e-01 3.065628659715736309e-02 8.726009485933962084e-01 1.581736410562430487e-02
1.574999999999999956e+00 1.399999999999999911e+00 1.167261752992875046e+00 7.999999999999970468e-01 1.174928225964145589e+00 1.418303125520254143e-07 4.542195899707679452e-01 3.045971528963256625e-02 8.784078288891091768e-01 1.565131546547361349e-02
1.574999999999999956e+00 1.425000000000000044e+00 1.202081528017131085e+00 8.499999999999967581e-01 1.209699030617438442e+00 1.497346623638089378e-07 4.740452127299413232e-01 3.026162574467259475e-02 8.837802243926238255e-01 1.548905141804714225e-02
1.574999999999999956e+00 1.450000000000000178e+00 1.237941840313994790e+00 8.999999999999958034e-01 1.245504151217889488e+00 1.574777335227996802e-07 4.929457642909285675e-01 3.006209846774095945e-02 8.887779104779226502e-01 1.533039232210493645e-02
1.574999999999999956e+00 1.475000000000000089e+00 1.274754878398196123e+00 9.500000000000010658e-01 1.282257317394706941e+00 1.650536397953615329e-07 5.109650478207879987e-01 2.986121338682908716e-02 8.934085711219708070e-01 1.517516839819655836e-02
1.574999999999999956e+00 1.500000000000000000e+00 1.312440474840668836e+00 1.000000000000000000e+00 1.319879628903286584e+00 1.724570007286633424e-07 5.281467579821800262e-01 2.965904979562921859e-02 8.977350946051807501e-01 1.502321930766513380e-02
