1.500000000000000000e+00 5.000000000000000000e-01 1.414213562373095145e+00 9.999999999999995559e-01 9.999999999999971134e-01 1.902982705413656245e-07 5.068441273531013591e-01 3.738356599137333813e-02 5.068441271543319138e-01 2.043714844666715685e-02
1.500000000000000000e+00 5.250000000000000222e-01 1.379311422413371346e+00 9.499999999999947375e-01 9.999999999999971134e-01 1.822364096098780350e-07 4.891752004725076208e-01 3.728291827746861575e-02 5.135060429238474944e-01 2.042413739067845679e-02
1.500000000000000000e+00 5.500000000000000444e-01 1.345362404707370896e+00 8.999999999999990230e-01 9.999999999999978906e-01 1.739705145251755420e-07 4.707316613803545491e-01 3.717780839463018239e-02 5.206031401441063577e-01 2.042308086225581507e-02
1.500000000000000000e+00 5.749999999999999556e-01 1.312440474840668836e+00 8.500000000000003109e-01 9.999999999999955591e-01 1.655065626339855531e-07 4.514854050887636694e-01 3.706829755174334551e-02 5.281467577099171473e-01 2.044147781090054766e-02
1.500000000000000000e+00 5.999999999999999778e-01 1.280624847486568907e+00 8.000000000000003775e-01 1.000000000000000000e+00 1.568511711112451161e-07 4.314101288347597096e-01 3.695444919300094194e-02 5.361469194354203660e-01 2.046375347132641659e-02
1.500000000000000000e+00 6.250000000000000000e-01 1.250000000000000000e+00 7.500000000000013323e-01 9.999999999999991118e-01 1.480115938877727916e-07 4.104821626676177226e-01 3.683632892072336018e-02 5.446117980265130498e-01 2.044282758205384631e-02
1.500000000000000000e+00 6.500000000000000222e-01 1.220655561573369630e+00 6.999999999999892975e-01 9.999999999999986677e-01 1.389957145337790446e-07 3.886814504848098983e-01 3.671400441606557236e-02 5.535470967685659494e-01 2.043000111831277249e-02
1.500000000000000000e+00 6.750000000000000444e-01 1.192686044187656336e+00 6.500000000000001332e-01 9.999999999999964473e-01 1.298120350253220426e-07 3.659926838547681860e-01 3.658754535777190842e-02 5.629553525949519965e-01 2.042334445034726595e-02
1.500000000000000000e+00 6.999999999999999556e-01 1.166190378969060193e+00 5.999999999999974243e-01 9.999999999999991118e-01 1.204696603053668954e-07 3.424065805224329462e-01 3.645702333912651666e-02 5.728351716578128361e-01 2.042105707976344525e-02
1.500000000000000000e+00 7.249999999999999778e-01 1.141271221051332718e+00 5.499999999999982681e-01 1.000000000000000222e+00 1.109782783788124095e-07 3.179212850020015635e-01 3.632251178326313668e-02 5.831804182582459584e-01 2.042151791616552553e-02
1.500000000000000000e+00 7.500000000000000000e-01 1.118033988749894903e+00 5.000000000000007772e-01 1.000000000000037748e+00 1.013481360961017698e-07 2.925438500026874000e-01 3.618408585699180169e-02 5.939793898334346789e-01 2.042334609416819602e-02
1.500000000000000000e+00 7.750000000000000222e-01 1.096585609973065312e+00 4.499999999999986233e-01 1.000000000000976552e+00 9.159001091475865582e-08 2.662917351818003819e-01 3.604182238330826821e-02 6.052140239778626141e-01 2.042543084345980337e-02
1.500000000000000000e+00 8.000000000000000444e-01 1.077032961426900526e+00 3.999999999999988010e-01 1.000000000021622260e+00 8.171517809770408380e-08 2.391942354602175635e-01 3.589579975274490714e-02 6.168591968773697864e-01 2.042696309615488551e-02
1.500000000000000000e+00 8.249999999999999556e-01 1.059481005020854516e+00 3.499999999999988676e-01 1.000000000417676338e+00 7.173537404190555902e-08 2.112937277179742779e-01 3.574609783373069311e-02 6.288821840004881203e-01 2.042745972369387417e-02
1.500000000000000000e+00 8.500000000000000888e-01 1.044030650891054623e+00 3.000000000000004885e-01 1.000000007032741944e+00 6.166275586545319970e-08 1.826466062766181619e-01 3.559279788211981710e-02 6.412423606960155897e-01 2.042677683174529135e-02
1.500000000000000000e+00 8.750000000000000000e-01 1.030776406404415146e+00 2.500000000000004441e-01 1.000000102258467916e+00 5.150985720005888548e-08 1.533237693290352421e-01 3.543598245005863401e-02 6.538912194204445916e-01 2.042511369759365467e-02
1.500000000000000000e+00 9.000000000000000222e-01 1.019803902718556810e+00 1.999999999999992895e-01 1.000001258621775690e+00 4.128954096644499203e-08 1.234105257285924573e-01 3.527573529434886723e-02 6.667727688756558413e-01 1.986138783350070020e-02
1.500000000000000000e+00 9.250000000000000444e-01 1.011187420807834192e+00 1.500000000000016043e-01 1.000012603719381055e+00 3.101494911495416033e-08 9.300581847862526841e-02 3.511214128447177896e-02 6.798243567442696644e-01 1.936616578502559083e-02
1.500000000000000000e+00 9.499999999999999556e-01 1.004987562112088950e+00 9.999999999999607814e-02 1.000095622026809572e+00 2.069945001194162611e-08 6.222070934286616506e-02 3.494528631043321981e-02 6.929779224265899540e-01 1.900390839879189525e-02
1.500000000000000000e+00 9.750000000000000888e-01 1.001249219725039330e+00 4.999999999999528433e-02 1.000503514560319385e+00 1.035658454566248699e-08 3.117613650952577586e-02 3.477525719059038067e-02 7.061616424236092371e-01 1.878296358122239287e-02
1.500000000000000000e+00 1.000000000000000000e+00 9.999999999999996669e-01 1.419413654146585184e-16 1.001788671193664992e+00 9.265158989207859671e-12 2.790449236095282615e-05 3.460214157961304798e-02 7.193018847578772634e-01 1.870869755384991021e-02
1.500000000000000000e+00 1.024999999999999911e+00 1.001249219725039330e+00 4.999999999999994726e-02 1.004580628949581778e+00 1.035658458541942098e-08 3.117613663405416347e-02 3.442602787673799958e-02 7.323253479380895659e-01 1.878296358181522074e-02
1.500000000000000000e+00 1.050000000000000044e+00 1.004987562112088950e+00 9.999999999999607814e-02 1.009309880380670599e+00 2.069945010001429217e-08 6.222070946660879232e-02 3.424700513446417294e-02 7.451612324520073827e-01 1.863653586015959901e-02
1.500000000000000000e+00 1.075000000000000178e+00 1.011187420807834192e+00 1.500000000000016043e-01 1.016189793978067080e+00 3.101494914366755815e-08 9.300581860108264598e-02 3.406516296783827780e-02 7.577432846175039538e-01 1.840714801611831319e-02
1.500000000000000000e+00 1.100000000000000089e+00 1.019803902718557032e+00 1.999999999999990674e-01 1.025299220001500089e+00 4.128954098301039553e-08 1.234105258492987911e-01 3.388059146447505721e-02 7.700115660390470795e-01 1.818469920710547028e-02
1.500000000000000000e+00 1.125000000000000000e+00 1.030776406404415146e+00 2.500000000000004441e-01 1.036642960363678423e+00 5.150985722214614308e-08 1.533237694475689250e-01 3.369338109544962878e-02 7.819138345566110093e-01 1.796882556324416041e-02
1.500000000000000000e+00 1.149999999999999911e+00 1.044030650891054846e+00 2.999999999999923839e-01 1.050183477641981389e+00 6.166275590521013368e-08 1.826466063926101557e-01 3.350362262720405632e-02 7.934064681411083786e-01 1.775918082153817024e-02
1.500000000000000000e+00 1.175000000000000044e+00 1.059481005020854516e+00 3.499999999999988676e-01 1.065857251372693604e+00 7.173537409712334568e-08 2.112937278311118883e-01 3.331140703459083141e-02 8.044549132103345768e-01 1.755543602417659887e-02
1.500000000000000000e+00 1.200000000000000178e+00 1.077032961426900748e+00 3.999999999999988010e-01 1.083584017051125947e+00 8.171517815071320558e-08 2.391942355702464940e-01 3.311682541518816414e-02 8.150336849065960010e-01 1.735727053990436530e-02
1.500000000000000000e+00 1.225000000000000089e+00 1.096585609973064646e+00 4.499999999999966249e-01 1.103272645287681764e+00 9.159001091254988507e-08 2.662917352885237343e-01 3.291996890500217821e-02 8.251259825950769677e-01 1.716438162053295080e-02
1.500000000000000000e+00 1.250000000000000000e+00 1.118033988749894903e+00 5.000000000000007772e-01 1.124825286492871168e+00 1.013481361314414270e-07 2.925438501059612895e-01 3.272092859567631018e-02 8.347230058895924731e-01 1.697650665231267147e-02
1.500000000000000000e+00 1.274999999999999911e+00 1.141271221051332718e+00 5.499999999999996003e-01 1.148140492606240848e+00 1.109782783876470160e-07 3.179212851017346186e-01 3.251979545331501464e-02 8.437762282315161011e-01 1.679338155238959199e-02
1.500000000000000000e+00 1.300000000000000044e+00 1.166190378969060193e+00 5.999999999999974243e-01 1.173115642177694484e+00 1.204696603539585551e-07 3.424065806185775940e-01 3.231666023902998036e-02 8.519921308232005774e-01 1.661475715474292417e-02
1.500000000000000000e+00 1.325000000000000178e+00 1.192686044187656114e+00 6.500000000000001332e-01 1.199648833203846632e+00 1.298120350827491294e-07 3.659926839473144344e-01 3.211161343130528728e-02 8.594830911489378389e-01 1.644039862958816822e-02
1.500000000000000000e+00 1.350000000000000089e+00 1.220655561573369852e+00 6.999999999999992895e-01 1.227640340750509207e+00 1.389957145724318050e-07 3.886814505737807290e-01 3.190474515027522801e-02 8.663074220157149785e-01 1.627008488782952927e-02
1.500000000000000000e+00 1.375000000000000000e+00 1.250000000000000000e+00 7.500000000000013323e-01 1.256993708685302913e+00 1.480115939142776702e-07 4.104821627530631512e-01 3.169614508400056541e-02 8.726019599255624426e-01 1.610360797708448519e-02
1.500000000000000000e+00 1.399999999999999911e+00 1.280624847486569573e+00 7.999999999999993783e-01 1.287616533043615341e+00 1.568511711443757511e-07 4.314101289167515119e-01 3.148590241682727719e-02 8.784069159294799478e-01 1.594077247497074912e-02
1.500000000000000000e+00 1.425000000000000044e+00 1.312440474840668836e+00 8.500000000000003109e-01 1.319420988417559393e+00 1.655065626693250911e-07 4.514854051673900526e-01 3.127410575989680863e-02 8.837797680784669208e-01 1.578139488456452300e-02
1.500000000000000000e+00 1.450000000000000178e+00 1.345362404707370896e+00 8.999999999999990230e-01 1.352324144094526615e+00 1.739705145516799970e-07 4.707316614557157108e-01 3.106084308387892928e-02 8.887665516350939932e-01 1.562530303621748745e-02
1.500000000000000000e+00 1.475000000000000089e+00 1.379311422413371790e+00 9.499999999999984013e-01 1.386248111995926457e+00 1.822364096319651073e-07 4.891752005447134177e-01 3.084620165398785363e-02 8.934085557142900091e-01 1.547233549926313456e-02
1.500000000000000000e+00 1.500000000000000000e+00 1.414213562373095145e+00 9.999999999999995559e-01 1.421120063468909844e+00 1.902982705855403515e-07 5.068441274222662551e-01 3.063026796733767793e-02 8.977355783310360104e-01 1.532234100653932091e-02
