2.024999999999999911e+00 5.000000000000000000e-01 1.001249219725039330e+00 1.004580628949580445e+00 4.999999999999560352e-02 1.017109813854073105e-07 7.323253480957653272e-01 2.883146110380684426e-02 3.117613687595111038e-02 1.342684702337017776e-02
2.024999999999999911e+00 5.250000000000000222e-01 9.513148795220223164e-01 9.548205276703740640e-01 4.999999999999592271e-02 9.710602179231744406e-08 7.263500042228828724e-01 2.877066197616262588e-02 3.203213890542833120e-02 1.298730538443241406e-02
2.024999999999999911e+00 5.500000000000000444e-01 9.013878188659971702e-01 9.050868687925669454e-01 4.999999999999717865e-02 9.243097265143757473e-08 7.202503051424082869e-01 2.870711288998229610e-02 3.299387240136730792e-02 1.256503359545993459e-02
2.024999999999999911e+00 5.749999999999999556e-01 8.514693182963198881e-01 8.553842645622707908e-01 4.999999999999527045e-02 8.768855329726285617e-08 7.140315625774151798e-01 2.864084360902562770e-02 3.407871017538294245e-02 1.216179525227881718e-02
2.024999999999999911e+00 5.999999999999999778e-01 8.015609770940693712e-01 8.057184620329466140e-01 4.999999999999797662e-02 8.288162464314747127e-08 7.077020022813280686e-01 2.857188503876431640e-02 3.530833663035803927e-02 1.177920606568429694e-02
2.024999999999999911e+00 6.250000000000000000e-01 7.516648189186454498e-01 7.560967134307207127e-01 4.999999999999758804e-02 7.801318551482928017e-08 7.012739048835097133e-01 2.850026919538663217e-02 3.671015984812314725e-02 1.141869952771343635e-02
2.024999999999999911e+00 6.500000000000000222e-01 7.017834423809098388e-01 7.065283009623426480e-01 4.999999999999846234e-02 7.308636799887041039e-08 6.947652684753546914e-01 2.842602917386879979e-02 3.831932085954015133e-02 1.108149448054414690e-02
2.024999999999999911e+00 6.750000000000000444e-01 6.519202405202648709e-01 6.570252963628825382e-01 4.999999999999818479e-02 6.810443262765047851e-08 6.882022815381432235e-01 2.834919911516684335e-02 4.018161694162702968e-02 1.076856682196390344e-02
2.024999999999999911e+00 6.999999999999999556e-01 6.020797289396147001e-01 6.076036866747416276e-01 4.999999999999518718e-02 6.307076279130816472e-08 6.816230883955004538e-01 2.826981417258242826e-02 4.235786353647463809e-02 1.048062785568800413e-02
2.024999999999999911e+00 7.249999999999999778e-01 5.522680508593629245e-01 5.582850885172703226e-01 5.000000000002242928e-02 5.798885869468748573e-08 6.750836800713621022e-01 2.818791047735665772e-02 4.493059376676417083e-02 1.021811184290902924e-02
2.024999999999999911e+00 7.500000000000000000e-01 5.024937810560444751e-01 5.090994402479100955e-01 5.000000000077529927e-02 5.286233054123371767e-08 6.686674051721994694e-01 2.810352510354978406e-02 4.801469810512409842e-02 9.981175049382388920e-03
2.024999999999999911e+00 7.750000000000000222e-01 4.527692569068707540e-01 4.600893826863797775e-01 5.000000001959671592e-02 4.769489153577072555e-08 6.625009039305274072e-01 2.801669603225616367e-02 5.177499463522311496e-02 9.769707964267876354e-03
2.024999999999999911e+00 8.000000000000000444e-01 4.031128874149272345e-01 4.113176875126263732e-01 5.000000043253310933e-02 4.249035013631842299e-08 6.567820007246547576e-01 2.792746211522078442e-02 5.645661709897703551e-02 9.583361409388327368e-03
2.024999999999999911e+00 8.249999999999999556e-01 3.535533905932737864e-01 3.628804762738498946e-01 5.000000835357384932e-02 3.725260199268329795e-08 6.518311726259615746e-01 2.783586303790528196e-02 6.244057033954303337e-02 9.421586050897962084e-03
2.024999999999999911e+00 8.500000000000000888e-01 3.041381265149109003e-01 3.149321197666828387e-01 5.000014065467257851e-02 3.198562136206687463e-08 6.481928315400823370e-01 2.774193928206680412e-02 7.035241434604744271e-02 9.283683524562720557e-03
2.024999999999999911e+00 8.750000000000000000e-01 2.549509756796392024e-01 2.677353918717805259e-01 5.000204512768224863e-02 2.669345224361511091e-08 6.468512615718599035e-01 2.764573208790448849e-02 8.129357707341505757e-02 9.168866179617807949e-03
2.024999999999999911e+00 9.000000000000000222e-01 2.061552812808829516e-01 2.217706925198572598e-01 5.002516611809231656e-02 2.138019892413588859e-08 6.484232817041570840e-01 2.754728341583242285e-02 9.738930615777940947e-02 9.076321512720406104e-03
2.024999999999999911e+00 9.250000000000000444e-01 1.581138830084188318e-01 1.779950562817316506e-01 5.025144373665205860e-02 1.605001663853376889e-08 6.471892820683613490e-01 2.744663590793608096e-02 1.232799518297617025e-01 9.005276828506009884e-03
2.024999999999999911e+00 9.499999999999999556e-01 1.118033988749894819e-01 1.384999641181808294e-01 5.187728980193095918e-02 1.070710160745320386e-08 6.468397146738971148e-01 2.734383284917008688e-02 1.709684295420649258e-01 8.955059574829209862e-03
2.024999999999999911e+00 9.750000000000000888e-01 7.071067811865465458e-02 1.080844117379400199e-01 5.922231545250826457e-02 5.355681459516435329e-09 6.469260811030032032e-01 2.723891812835343290e-02 2.783062065121276740e-01 8.925149129880611751e-03
2.024999999999999911e+00 1.000000000000000000e+00 4.999999999999981543e-02 9.582400566004922737e-02 7.797782846407458335e-02 4.790703862798821401e-12 6.469672247351869743e-01 2.713193619902179443e-02 5.334147873726620137e-01 2.555541975584717110e-04
2.024999999999999911e+00 1.024999999999999911e+00 7.071067811865450192e-02 1.080844117379421709e-01 1.080844117379397562e-01 5.355681468351314878e-09 6.468540615801118276e-01 2.702293204018869216e-02 6.468540611025328513e-01 8.925149129960112393e-03
2.024999999999999911e+00 1.050000000000000044e+00 1.118033988749894819e-01 1.384999641181808294e-01 1.456242927332130066e-01 1.070710163395784581e-08 6.469567429564818672e-01 2.691195111707475260e-02 6.966940200533789929e-01 8.955059574988977894e-03
2.024999999999999911e+00 1.075000000000000178e+00 1.581138830084188318e-01 1.779950562817316506e-01 1.874611890103908829e-01 1.605001665730781742e-08 6.477832430293914978e-01 2.679903934185807676e-02 7.243829324832836702e-01 9.005276828748184220e-03
2.024999999999999911e+00 1.100000000000000089e+00 2.061552812808831181e-01 2.217706925198548173e-01 2.318156391093721680e-01 2.138019891971844633e-08 6.496349803551964008e-01 2.668424303450224119e-02 7.489782027114337826e-01 9.076321513047040657e-03
2.024999999999999911e+00 1.125000000000000000e+00 2.549509756796392024e-01 2.677353918717805259e-01 2.777204120542429155e-01 2.669345225686741783e-08 6.468512615705472868e-01 2.656760888370866477e-02 7.694601067768818137e-01 9.168866180032111957e-03
2.024999999999999911e+00 1.149999999999999911e+00 3.041381265149107338e-01 3.149321197666854477e-01 3.246310778594777569e-01 3.198562139443845555e-08 6.481928315509153382e-01 2.644918390805331768e-02 7.860174770080216033e-01 9.283683525067693357e-03
2.024999999999999911e+00 1.175000000000000044e+00 3.535533905932737864e-01 3.628804762738498946e-01 3.722253085212675616e-01 3.725260201877376561e-08 6.518311726436087916e-01 2.632901541735239992e-02 8.008991622469714411e-01 9.421586051496958630e-03
2.024999999999999911e+00 1.200000000000000178e+00 4.031128874149272900e-01 4.113176875126263732e-01 4.203026552481660683e-01 4.249035014957069682e-08 6.567820007462638054e-01 2.620715097431054741e-02 8.134162064391076141e-01 9.583361410084062504e-03
2.024999999999999911e+00 1.225000000000000089e+00 4.527692569068708650e-01 4.600893826863836633e-01 4.687328981841106801e-01 4.769489153107717040e-08 6.625009039544615952e-01 2.247148630808180197e-02 8.246778930338298785e-01 9.769707965063254007e-03
2.024999999999999911e+00 1.250000000000000000e+00 5.024937810560443641e-01 5.090994402479100955e-01 5.174281835518508288e-01 5.286233054896418372e-08 6.686674051974681454e-01 1.951001597558943770e-02 8.346841138375072910e-01 9.981175050278930441e-03
2.024999999999999911e+00 1.274999999999999911e+00 5.522680508593624804e-01 5.582850885172702116e-01 5.663272823748666251e-01 5.798885871318561327e-08 6.750836800973406548e-01 1.712292425123441986e-02 8.438131301614432145e-01 1.021811184390791771e-02
2.024999999999999911e+00 1.300000000000000044e+00 6.020797289396147001e-01 6.076036866747416276e-01 6.153863095015893458e-01 6.307076282443891878e-08 6.816230884217828745e-01 1.516461004263921358e-02 8.519710557477540025e-01 1.048062785678902618e-02
2.024999999999999911e+00 1.325000000000000178e+00 6.519202405202644268e-01 6.570252963628825382e-01 6.645730381285041011e-01 6.810443264090277219e-08 6.882022815644575076e-01 1.353417551699089699e-02 8.595935111872661238e-01 1.076856682316584130e-02
2.024999999999999911e+00 1.350000000000000089e+00 7.017834423809099498e-01 7.065283009623439803e-01 7.138632966037902206e-01 7.308636800328807102e-08 6.947652685015186513e-01 1.215959642627027770e-02 8.663066645948745981e-01 1.108149448184502471e-02
2.024999999999999911e+00 1.375000000000000000e+00 7.516648189186454498e-01 7.560967134307207127e-01 7.632386151620199621e-01 7.801318553691661718e-08 7.012739049093976718e-01 1.098815122427238694e-02 8.726281377012213847e-01 1.141869952910984712e-02
2.024999999999999911e+00 1.399999999999999911e+00 8.015609770940697043e-01 8.057184620329460589e-01 8.126846474292845901e-01 8.288162468732196001e-08 7.077020023068527621e-01 9.980406946378968941e-03 8.784071957824398647e-01 1.177920606717138344e-02
2.024999999999999911e+00 1.425000000000000044e+00 8.514693182963202212e-01 8.553842645622707908e-01 8.621900861624283152e-01 8.768855331935037847e-08 7.140315626025186546e-01 9.106313277741686849e-03 8.838124115013438198e-01 1.216179525385131625e-02
2.024999999999999911e+00 1.450000000000000178e+00 9.013878188659971702e-01 9.050868687925669454e-01 9.117459024865373074e-01 9.243097267352467352e-08 7.202503051670493539e-01 8.342592274719413253e-03 8.887732758809377964e-01 1.256503359711225003e-02
2.024999999999999911e+00 1.475000000000000089e+00 9.513148795220224274e-01 9.548205276703765065e-01 9.613448018334896927e-01 9.710602181440486048e-08 7.263500042470358853e-01 7.670949825676653608e-03 8.934066114880858667e-01 1.298730538615750635e-02
2.024999999999999911e+00 1.500000000000000000e+00 1.001249219725039330e+00 1.004580628949580445e+00 1.010980828104014018e+00 1.017109813834401559e-07 7.323253481194131886e-01 7.076822867912347867e-03 8.977444956295749234e-01 1.342684702516003595e-02
