2.049999999999999822e+00 5.000000000000000000e-01 1.004987562112088950e+00 1.009309880380669266e+00 9.999999999999725775e-02 9.903734808112273470e-08 7.451612326011113341e-01 2.849845878116248621e-02 6.222070969990234346e-02 1.329136559153122274e-02
2.049999999999999822e+00 5.250000000000000222e-01 9.552486587271393770e-01 9.597949961497238558e-01 9.999999999999700795e-02 9.454418085036532763e-08 7.400531582725303759e-01 2.843902018801512666e-02 6.391602440022875475e-02 1.288897327674114711e-02
2.049999999999999822e+00 5.500000000000000444e-01 9.055385138137416190e-01 9.103331448618394717e-01 9.999999999999863165e-02 8.998403878018219454e-08 7.349125259378042063e-01 2.837689101691883223e-02 6.581909362369842142e-02 1.250406498242460050e-02
2.049999999999999822e+00 5.749999999999999556e-01 8.558621384311843050e-01 8.609334670194035422e-01 9.999999999999498179e-02 8.535954008993540763e-08 7.297598512559491102e-01 2.831210007787622954e-02 6.796356939817138620e-02 1.213816684664735350e-02
2.049999999999999822e+00 5.999999999999999778e-01 8.062257748298549132e-01 8.116073155375345127e-01 9.999999999999754918e-02 8.067343580481347692e-08 7.246221659404057380e-01 2.824467728823139637e-02 7.039130684927896731e-02 1.179263549213817319e-02
2.049999999999999822e+00 6.250000000000000000e-01 7.566372975210777785e-01 7.623689622709239888e-01 9.999999999999770184e-02 7.592860603193445696e-08 7.195352858629531223e-01 2.817465364293470637e-02 7.315498624538752104e-02 1.146862696322066381e-02
2.049999999999999822e+00 6.500000000000000222e-01 7.071067811865472397e-01 7.132365909248121749e-01 9.999999999999859002e-02 7.112805576819556849e-08 7.145470456188274255e-01 2.810206118390775470e-02 7.632180970850338531e-02 1.116706918862675132e-02
2.049999999999999822e+00 6.750000000000000444e-01 6.576473218982951119e-01 6.642337198863420555e-01 9.999999999999792388e-02 6.627491013827844029e-08 7.097220025522954501e-01 2.802693296856158950e-02 7.997882017350893546e-02 1.088864018019296276e-02
2.049999999999999822e+00 6.999999999999999556e-01 6.082762530298220227e-01 6.153912857963200755e-01 9.999999999999632794e-02 6.137240916881994296e-08 7.051484297807381063e-01 2.794930303751761921e-02 8.424073102693135917e-02 1.063375422820024736e-02
2.049999999999999822e+00 7.249999999999999778e-01 5.590169943749472292e-01 5.667507694163682608e-01 1.000000000000100808e-01 5.642390199273401049e-08 7.009489727729797393e-01 2.786920638158421268e-02 8.926175131598984569e-02 1.040255815238007656e-02
2.049999999999999822e+00 7.500000000000000000e-01 5.099019513592784048e-01 5.183690139601764280e-01 1.000000000003867379e-01 5.143284064713149418e-08 6.972973505673342176e-01 2.778667890803934726e-02 9.525397188709200380e-02 1.019493917720899236e-02
2.049999999999999822e+00 7.750000000000000222e-01 4.609772228646441539e-01 4.703258813142743300e-01 1.000000000097943376e-01 4.640277320862234128e-08 6.944453770763988620e-01 2.770175740627592656e-02 1.025169112203116462e-01 1.001054523281165454e-02
2.049999999999999822e+00 8.000000000000000444e-01 4.123105625617657366e-01 4.227368385107258542e-01 1.000000002162634016e-01 4.133733675854693184e-08 6.927682905023716531e-01 2.761447951286166366e-02 1.114868098366458282e-01 9.848817506834608299e-03
2.049999999999999822e+00 8.249999999999999556e-01 3.640054944640259138e-01 3.757744464889120062e-01 1.000000041767842851e-01 3.624024971320067838e-08 6.928439756615099032e-01 2.752488367606775038e-02 1.228224495048987341e-01 9.709034006347597862e-03
2.049999999999999822e+00 8.500000000000000888e-01 3.162277660168377746e-01 3.297065887028144404e-01 1.000000703274052383e-01 3.111530378299548131e-08 6.925415910921858265e-01 2.743300911992285068e-02 1.375618449376585506e-01 9.590361878117577288e-03
2.049999999999999822e+00 8.750000000000000000e-01 2.692582403567250759e-01 2.849674273211740827e-01 1.000010225795255336e-01 2.596635564338063679e-08 6.932550446812102418e-01 2.733889580784380768e-02 1.574232974732612256e-01 9.491915421398593178e-03
2.049999999999999822e+00 9.000000000000000222e-01 2.236067977499787696e-01 2.422941077163200674e-01 1.000125854337469145e-01 2.079731836059846893e-08 6.952357387278852441e-01 2.724258440590283936e-02 1.854118584130278746e-01 9.412816213137661231e-03
2.049999999999999822e+00 9.250000000000000444e-01 1.802775637731991454e-01 2.029936812663091228e-01 1.001259586601683377e-01 1.561215229949426344e-08 6.964881940519580539e-01 2.714411624578258464e-02 2.270634681687902501e-01 9.352251596205781586e-03
2.049999999999999822e+00 9.499999999999999556e-01 1.414213562373093092e-01 1.694297336185398573e-01 1.009517369696708161e-01 1.041485613734483701e-08 6.960691784560260054e-01 2.704353328747412938e-02 2.927084613739934227e-01 9.309527940420525907e-03
2.049999999999999822e+00 9.750000000000000888e-01 1.118033988749891905e-01 1.456242927332117576e-01 1.049155977324447708e-01 5.209457772773170682e-09 6.959651885956037454e-01 2.694087808177429363e-02 3.983824383788732160e-01 9.284115510210001754e-03
2.049999999999999822e+00 1.000000000000000000e+00 9.999999999999964473e-02 1.367714686403833091e-01 1.165355813988701444e-01 4.659952143331275334e-12 6.961697790660112961e-01 2.683619373263547436e-02 5.473139141629072002e-01 1.218959092025091360e-04
2.049999999999999822e+00 1.024999999999999911e+00 1.118033988749890517e-01 1.456242927332120352e-01 1.384999641181791363e-01 5.209457786025480907e-09 6.966952798294989702e-01 2.672952385942010262e-02 6.469567425116660164e-01 9.284115510277118205e-03
2.049999999999999822e+00 1.050000000000000044e+00 1.414213562373093092e-01 1.694297336185398573e-01 1.694297336185354441e-01 1.041485618151919340e-08 6.975675359637876216e-01 2.662091255911697846e-02 6.975661936886374814e-01 9.309527940556661801e-03
2.049999999999999822e+00 1.075000000000000178e+00 1.802775637731991454e-01 2.029936812663091228e-01 2.064986619452749694e-01 1.561215233483378164e-08 6.963870681891437542e-01 2.651040436856633847e-02 7.245390128508986116e-01 9.352251596412189394e-03
2.049999999999999822e+00 1.100000000000000089e+00 2.236067977499789361e-01 2.422941077163214274e-01 2.474641196935124521e-01 2.079731837826819494e-08 6.939325570291305922e-01 2.639804422674883744e-02 7.489394255438510672e-01 9.412816213416573541e-03
2.049999999999999822e+00 1.125000000000000000e+00 2.692582403567250759e-01 2.849674273211740827e-01 2.909099985761562923e-01 2.596635566988526386e-08 6.926822693919610918e-01 2.628387743719028807e-02 7.696906240577429115e-01 9.491915421753021470e-03
2.049999999999999822e+00 1.149999999999999911e+00 3.162277660168375526e-01 3.297065887028160502e-01 3.359841316374973519e-01 3.111530379183031950e-08 6.927052825980040129e-01 2.616794963052677600e-02 7.859916785145669715e-01 9.590361878551209585e-03
2.049999999999999822e+00 1.175000000000000044e+00 3.640054944640259138e-01 3.757744464889120062e-01 3.821670842756531572e-01 3.624024974301837556e-08 6.928439756566265872e-01 2.605030672728405466e-02 8.007466546292045795e-01 9.709034006864129124e-03
2.049999999999999822e+00 1.200000000000000178e+00 4.123105625617659031e-01 4.227368385107258542e-01 4.291320566080533139e-01 4.133733679167765942e-08 6.927682905060501550e-01 2.593099490091495263e-02 8.135170470595316505e-01 9.848817507437214805e-03
2.049999999999999822e+00 1.225000000000000089e+00 4.609772228646443759e-01 4.703258813142741634e-01 4.766660569414184478e-01 4.640277321800937216e-08 6.944453770857610397e-01 2.581006054114321976e-02 8.246235872106764120e-01 1.001054523350315001e-02
2.049999999999999822e+00 1.250000000000000000e+00 5.099019513592782937e-01 5.183690139601764280e-01 5.246255094195939606e-01 5.143284064713151403e-08 6.972973505805428740e-01 2.568755021765862373e-02 8.346903998916141987e-01 1.019493917799247328e-02
2.049999999999999822e+00 1.274999999999999911e+00 5.590169943749472292e-01 5.667507694163689269e-01 5.729106306939197868e-01 5.642390202807342943e-08 7.009489727888187360e-01 2.556351064420280678e-02 8.437682774578820766e-01 1.040255815325773214e-02
2.049999999999999822e+00 1.300000000000000044e+00 6.082762530298218007e-01 6.153912857963200755e-01 6.214501668854734984e-01 6.137240917323721978e-08 7.051484297983802163e-01 2.543798864309396168e-02 8.519868081685733063e-01 1.063375422917226323e-02
2.049999999999999822e+00 1.325000000000000178e+00 6.576473218982952229e-01 6.642337198863420555e-01 6.701920045832782113e-01 6.627491015153081338e-08 7.097220025711614699e-01 2.531103111022579497e-02 8.595215241653053617e-01 1.088864018125977433e-02
2.049999999999999822e+00 1.350000000000000089e+00 7.071067811865476838e-01 7.132365909248119529e-01 7.190972161245239302e-01 7.112805579470030143e-08 7.145470456385040192e-01 2.414150146333712832e-02 8.663254472911926518e-01 1.116706918978722755e-02
2.049999999999999822e+00 1.375000000000000000e+00 7.566372975210777785e-01 7.623689622709239888e-01 7.681361752153347267e-01 7.592860604684321622e-08 7.195352858831403076e-01 2.183372419130314573e-02 8.726042224597291286e-01 1.146862696447231017e-02
2.049999999999999822e+00 1.399999999999999911e+00 8.062257748298546911e-01 8.116073155375367332e-01 8.172859574024606832e-01 8.067343580702207563e-08 7.246221659608819143e-01 1.984490660300592541e-02 8.784215266296532265e-01 1.179263549347775615e-02
2.049999999999999822e+00 1.425000000000000044e+00 8.558621384311846381e-01 8.609334670194035422e-01 8.665285596428893289e-01 8.535954011644004793e-08 7.297598512765504086e-01 1.811730884058844471e-02 8.838057925095692546e-01 1.213816684807113126e-02
2.049999999999999822e+00 1.450000000000000178e+00 9.055385138137416190e-01 9.103331448618394717e-01 9.158496550749963827e-01 8.998403879785224150e-08 7.349125259584066150e-01 1.660599146489495637e-02 8.887663695256735608e-01 1.250406498392727175e-02
2.049999999999999822e+00 1.475000000000000089e+00 9.552486587271401541e-01 9.597949961497256322e-01 9.652377054447647264e-01 9.454418089012216897e-08 7.400531582930398589e-01 1.527549715499871771e-02 8.934064642882550977e-01 1.288897327831659521e-02
2.049999999999999822e+00 1.500000000000000000e+00 1.004987562112088950e+00 1.009309880380669266e+00 1.014683317490671977e+00 9.903734807228802224e-08 7.451612326214563931e-01 1.409750632521575807e-02 8.977501106438111611e-01 1.329136559317337096e-02
