2.274999999999999911e+00 5.000000000000000000e-01 1.141271221051332718e+00 1.148140492606243734e+00 5.499999999999962697e-01 7.875582306061925001e-08 8.437762283054881518e-01 2.574032225587176426e-02 3.179212852438850212e-01 1.271640333667084684e-02
2.274999999999999911e+00 5.250000000000000222e-01 1.097724920005006766e+00 1.104864964944635375e+00 5.499999999999978240e-01 7.512559759584919242e-08 8.437818614523842076e-01 2.569158942790340100e-02 3.245675540422147676e-01 1.253720453469368834e-02
2.274999999999999911e+00 5.500000000000000444e-01 1.054751155486449044e+00 1.062180112204187621e+00 5.499999999999984901e-01 7.145006351727728832e-08 8.437631577470688926e-01 2.564063578855570527e-02 3.318439345878196889e-01 1.237070653360873920e-02
2.274999999999999911e+00 5.749999999999999556e-01 1.012422836565829209e+00 1.020160080949115589e+00 5.499999999999964917e-01 6.773109480993055794e-08 8.437860307666292803e-01 2.558748297241414393e-02 3.398110492911957659e-01 1.221702261512150160e-02
2.274999999999999911e+00 5.999999999999999778e-01 9.708243919473796835e-01 9.788904896678171097e-01 5.499999999999987121e-01 6.397064170821674649e-08 8.439317522941830463e-01 2.553215345971651673e-02 3.485365561443847238e-01 1.207613218336948957e-02
2.274999999999999911e+00 6.250000000000000000e-01 9.300537618869135770e-01 9.384703462348208403e-01 5.499999999999956035e-01 6.017072806755026469e-08 8.438095876474267509e-01 2.547467055572819744e-02 3.580955276496010087e-01 1.194788355633841226e-02
2.274999999999999911e+00 6.500000000000000222e-01 8.902246907382416197e-01 8.990142327917304277e-01 5.499999999999953815e-01 5.633344873597612435e-08 8.437572775108400647e-01 2.541505836947278302e-02 3.685705829027605684e-01 1.183200061253973819e-02
2.274999999999999911e+00 6.750000000000000444e-01 8.514693182963195550e-01 8.606547453898703015e-01 5.499999999999977129e-01 5.246096638465921252e-08 8.437646738078142805e-01 2.535334179185138107e-02 3.800515976349250202e-01 1.172809320489700061e-02
2.274999999999999911e+00 6.999999999999999556e-01 8.139410298049851722e-01 8.235451358378041986e-01 5.499999999999973799e-01 4.855550843555670633e-08 8.438200473616279673e-01 2.528954647318307561e-02 3.926347398876700034e-01 1.163567106199167416e-02
2.274999999999999911e+00 7.249999999999999778e-01 7.778174593052021857e-01 7.878620378988367978e-01 5.500000000000000444e-01 4.461936348771180760e-08 8.439104063990411353e-01 2.522369880019819516e-02 4.064204824603532273e-01 1.138712591604859950e-02
2.274999999999999911e+00 7.500000000000000000e-01 7.433034373659250793e-01 7.538080596293084135e-01 5.500000000000659917e-01 4.065487757126688528e-08 8.440219814438363333e-01 2.515582587252361557e-02 4.215101348952165483e-01 1.065943775841550131e-02
2.274999999999999911e+00 7.750000000000000222e-01 7.106335201775945132e-01 7.216138792748567621e-01 5.500000000017797319e-01 3.666445024244892168e-08 8.441408968101106192e-01 2.508595547868947007e-02 4.380003405892984869e-01 9.950262177984534745e-03
2.274999999999999911e+00 8.000000000000000444e-01 6.800735254367717975e-01 6.915392908303227282e-01 5.500000000393161503e-01 3.265053038921336782e-08 8.442539222522713604e-01 2.501411607169625254e-02 4.559749485179178663e-01 9.265637087914292344e-03
2.274999999999999911e+00 8.249999999999999556e-01 6.519202405202647599e-01 6.638724205463787387e-01 5.500000007594126883e-01 2.861561197504347289e-08 8.443070383621272823e-01 2.494033674417372309e-02 4.754937828303368308e-01 8.613058642603556997e-03
2.274999999999999911e+00 8.500000000000000888e-01 6.264982043070830287e-01 6.389261230863109153e-01 5.500000127868033273e-01 2.456222933879722959e-08 8.443203195103589076e-01 2.486464720317295082e-02 4.965782275786123079e-01 8.001855817171683177e-03
2.274999999999999911e+00 8.750000000000000000e-01 6.041522986797285277e-01 6.170304617781061651e-01 5.500001859244680880e-01 2.049295266683411401e-08 8.443571239862831534e-01 2.478707774462315938e-02 5.191943610104126083e-01 7.443547310439923778e-03
2.274999999999999911e+00 9.000000000000000222e-01 5.852349955359810174e-01 5.985203344599956399e-01 5.500022883999100554e-01 1.641038310512146633e-08 8.444191925059711945e-01 2.470765922748948545e-02 5.432356780025590082e-01 6.952031323445136135e-03
2.274999999999999911e+00 9.250000000000000444e-01 5.700877125495686926e-01 5.837179034106312336e-01 5.500229155204490183e-01 1.231714778299121728e-08 8.444083965500795985e-01 2.462642304767138912e-02 5.685090466214789418e-01 6.543330503194376771e-03
2.274999999999999911e+00 9.499999999999999556e-01 5.590169943749473402e-01 5.729106306939213411e-01 5.501738390701549353e-01 8.215894823645065475e-09 8.443352886509526423e-01 2.454340111167339911e-02 5.947288457917510041e-01 6.234504030470659069e-03
2.274999999999999911e+00 9.750000000000000888e-01 5.522680508593629245e-01 5.663272823748661811e-01 5.509149504665427077e-01 4.109288447425238945e-09 8.442363194894375589e-01 2.445862581008789727e-02 6.215242085538704719e-01 6.041425448219095093e-03
2.274999999999999911e+00 1.000000000000000000e+00 5.499999999999996003e-01 5.641157600724393539e-01 5.532454624594503878e-01 3.675694709835561941e-12 8.441214730466019001e-01 2.437212999092314147e-02 6.484620051117633288e-01 1.537293266204222959e-05
2.274999999999999911e+00 1.024999999999999911e+00 5.522680508593629245e-01 5.663272823748697338e-01 5.582850885172697675e-01 4.109288465094983154e-09 8.440028274030135780e-01 2.428394693281444444e-02 6.750836799328072679e-01 6.041425448742299836e-03
2.274999999999999911e+00 1.050000000000000044e+00 5.590169943749473402e-01 5.729106306939213411e-01 5.667507694163701482e-01 8.215894847940961488e-09 8.438937728234450208e-01 2.419411031815315444e-02 7.009489726119001451e-01 6.234504031484462694e-03
2.274999999999999911e+00 1.075000000000000178e+00 5.700877125495688036e-01 5.837179034106312336e-01 5.789142400953588563e-01 1.231714781391326841e-08 8.438082169628254858e-01 2.410265420616567247e-02 7.256765892825393083e-01 6.543330504640488231e-03
2.274999999999999911e+00 1.100000000000000089e+00 5.852349955359807954e-01 5.985203344599947517e-01 5.947591870124264712e-01 1.641038312720864121e-08 8.437598465626191535e-01 2.400961300598205422e-02 7.489728963072435075e-01 6.952031325256854445e-03
2.274999999999999911e+00 1.125000000000000000e+00 6.041522986797285277e-01 6.170304617781061651e-01 6.141079931669792824e-01 2.049295262707716348e-08 8.437614442333297715e-01 2.391502144972562291e-02 7.691766036454132927e-01 7.443547312549704878e-03
2.274999999999999911e+00 1.149999999999999911e+00 6.264982043070832507e-01 6.389261230863108043e-01 6.366987802031701671e-01 2.456222935204955966e-08 8.438245079644864921e-01 2.381891456565638290e-02 7.863952341776037080e-01 8.001855819519159557e-03
2.274999999999999911e+00 1.175000000000000044e+00 6.519202405202646489e-01 6.638724205463787387e-01 6.622323461623949026e-01 2.861561199050450094e-08 8.439589033197189005e-01 2.372132765140168298e-02 8.005828588927812461e-01 8.613058645138140651e-03
2.274999999999999911e+00 1.200000000000000178e+00 6.800735254367719085e-01 6.915392908303227282e-01 6.904015657634730019e-01 3.265053040467439255e-08 8.441725727858152561e-01 2.362229624730975697e-02 8.134061343710470293e-01 9.265637090594275316e-03
2.274999999999999911e+00 1.225000000000000089e+00 7.106335201775945132e-01 7.216138792748549857e-01 7.209095157092042516e-01 3.666445026011861791e-08 8.444715183906826850e-01 2.352185610995108020e-02 8.246896568718641296e-01 9.950262180776710957e-03
2.274999999999999911e+00 1.250000000000000000e+00 7.433034373659250793e-01 7.538080596293084135e-01 7.534798770596098372e-01 4.065487758451921866e-08 8.442130082785237466e-01 2.342004318580446359e-02 8.346862628543941787e-01 1.065943776129271714e-02
2.274999999999999911e+00 1.274999999999999911e+00 7.778174593052020747e-01 7.878620378988339112e-01 7.878620378988347994e-01 4.461936350538158986e-08 8.439153132177299454e-01 2.331689358515580748e-02 8.439153131395241703e-01 1.138712591898960805e-02
2.274999999999999911e+00 1.300000000000000044e+00 8.139410298049851722e-01 8.235451358378041986e-01 8.238326953465615610e-01 4.855550844880907280e-08 8.437692008378786523e-01 2.321244355623758304e-02 8.520335241995269371e-01 1.163567106233928672e-02
2.274999999999999911e+00 1.325000000000000178e+00 8.514693182963198881e-01 8.606547453898703015e-01 8.611952873810603259e-01 5.246096637582414272e-08 8.437769036744309226e-01 2.310672945963759134e-02 8.594742462556722584e-01 1.172809320528971425e-02
2.274999999999999911e+00 1.350000000000000089e+00 8.902246907382420638e-01 8.990142327917318710e-01 8.997781983567030295e-01 5.633344874481099563e-08 8.439373897162815163e-01 2.299978774300648343e-02 8.663111412248781784e-01 1.183200061297887129e-02
2.274999999999999911e+00 1.375000000000000000e+00 9.300537618869135770e-01 9.384703462348208403e-01 9.394323731245569631e-01 6.017072808687649929e-08 8.442470127202100771e-01 2.289165491608794595e-02 8.726042819130949146e-01 1.194788355682648712e-02
2.274999999999999911e+00 1.399999999999999911e+00 9.708243919473795724e-01 9.788904896678208845e-01 9.800287425209818215e-01 6.397064171263440712e-08 8.439149600134339124e-01 2.278236752609640731e-02 8.784316079210268136e-01 1.207613218390758691e-02
2.274999999999999911e+00 1.425000000000000044e+00 1.012422836565829209e+00 1.020160080949115589e+00 1.021455698832201220e+00 6.773109484306125906e-08 8.437569115229763828e-01 2.267196213347210526e-02 8.837952371589229417e-01 1.221702261571066053e-02
2.274999999999999911e+00 1.450000000000000178e+00 1.054751155486449044e+00 1.062180112204187621e+00 1.063616749915583526e+00 7.145006351727728832e-08 8.438306662407585312e-01 2.256047528802596069e-02 8.888156206473766252e-01 1.237070653424915054e-02
2.274999999999999911e+00 1.475000000000000089e+00 1.097724920005007432e+00 1.104864964944631822e+00 1.106428410703676812e+00 7.512559762677118895e-08 8.438489951908610953e-01 2.244794350550826517e-02 8.934071988041347723e-01 1.253720453538492707e-02
2.274999999999999911e+00 1.500000000000000000e+00 1.141271221051332718e+00 1.148140492606243734e+00 1.149818348607236196e+00 7.875582306503671212e-08 8.437581433995847702e-01 2.233440324461620496e-02 8.977625023473824184e-01 1.271640333741279154e-02
