1.850000000000000089e+00 5.000000000000000000e-01 1.044030650891054846e+00 1.000000007032741722e+00 3.000000000000007105e-01 1.234640724409962916e-07 6.412423608977975142e-01 3.133102963466309621e-02 1.826466060057840290e-01 1.556776164036871059e-02
1.850000000000000089e+00 5.250000000000000222e-01 9.962429422585632466e-01 9.500000074028875918e-01 2.999999999999963252e-01 1.179661903871875614e-07 6.291885134365662324e-01 3.125955551312454422e-02 1.872459721534239230e-01 1.480503992550015122e-02
1.850000000000000089e+00 5.500000000000000444e-01 9.486832980505135460e-01 9.000000078141583426e-01 2.999999999999986011e-01 1.123707378831488370e-07 6.164035278547447261e-01 3.118486782468714996e-02 1.923658815309807202e-01 1.404827927417039504e-02
1.850000000000000089e+00 5.749999999999999556e-01 9.013878188659973922e-01 8.500000082738143892e-01 2.999999999999951594e-01 1.066812687315927793e-07 6.028014174755000898e-01 3.110700411712751662e-02 1.980790120753140870e-01 1.330007248515004473e-02
1.850000000000000089e+00 5.999999999999999778e-01 8.544003745317532150e-01 8.000000087909280300e-01 2.999999999999962697e-01 1.009015631553854567e-07 5.882800365038516333e-01 3.102600335732933617e-02 2.044726727284638113e-01 1.256304417381815322e-02
1.850000000000000089e+00 6.250000000000000000e-01 8.077747210701755609e-01 7.500000093769911835e-01 2.999999999999982681e-01 9.503562287431371796e-08 5.727171473559660164e-01 3.094190588963668595e-02 2.116523488583233470e-01 1.183984990776253479e-02
1.850000000000000089e+00 6.500000000000000222e-01 7.615773105863903325e-01 7.000000100467735908e-01 2.999999999999992673e-01 8.908766517909259565e-08 5.559653870790390862e-01 3.085475339299256770e-02 2.197462228523680006e-01 1.113318340494872521e-02
1.850000000000000089e+00 6.750000000000000444e-01 7.158910531638176256e-01 6.500000108196064552e-01 2.999999999999972689e-01 8.306211588224029506e-08 5.378458225795128556e-01 3.076458883693659191e-02 2.289109303102859205e-01 1.044576193521624778e-02
1.850000000000000089e+00 6.999999999999999556e-01 6.708203932499369193e-01 6.000000117212391793e-01 2.999999999999960476e-01 7.696360123306402251e-08 5.181397306535748815e-01 3.067145643653474904e-02 2.393388445496007488e-01 9.780165926921097555e-03
1.850000000000000089e+00 7.249999999999999778e-01 6.264982043070833617e-01 5.500000127868063249e-01 3.000000000000025979e-01 7.079693868963422312e-08 4.965782274891918924e-01 3.057540160632167894e-02 2.512671637067119268e-01 9.139643992730612371e-03
1.850000000000000089e+00 7.500000000000000000e-01 5.830951894845299854e-01 5.000000140654868863e-01 3.000000000001266098e-01 6.456712693095894915e-08 4.728294879478419643e-01 3.047647091333486463e-02 2.649889205432045536e-01 8.527392416962570332e-03
1.850000000000000089e+00 7.750000000000000222e-01 5.408326913195982133e-01 4.500000156283170960e-01 3.000000000032621572e-01 5.827933450417126440e-08 4.464837265454036919e-01 3.037471202931271708e-02 2.808655616558335955e-01 7.946924866665563275e-03
1.850000000000000089e+00 8.000000000000000444e-01 4.999999999999997780e-01 4.000000175818588244e-01 3.000000000720849380e-01 5.193888781793425511e-08 4.170372585854739134e-01 3.027017368214577481e-02 2.993395752938235455e-01 7.402199781218098823e-03
1.850000000000000089e+00 8.249999999999999556e-01 4.609772228646443204e-01 3.500000200935515227e-01 3.000000013922602404e-01 4.555125806241141736e-08 3.838796053962937882e-01 3.016290560665577797e-02 3.209430760847660768e-01 6.897767168804132959e-03
1.850000000000000089e+00 8.500000000000000888e-01 4.242640687119285103e-01 3.000000234424770040e-01 3.000000234424729517e-01 3.912204752846251538e-08 3.462931155684049189e-01 3.005295849478160919e-02 3.462931150235265543e-01 6.438914241329519311e-03
1.850000000000000089e+00 8.750000000000000000e-01 3.905124837953324879e-01 2.500000281309699979e-01 3.000003408613901579e-01 3.265697476063868114e-08 3.034847277920746378e-01 2.994038394526093300e-02 3.760554433973094524e-01 6.031766483078036811e-03
1.850000000000000089e+00 9.000000000000000222e-01 3.605551275463987349e-01 2.000000351637138407e-01 3.000041953792321747e-01 2.616185948046940496e-08 2.546846255036646078e-01 2.982523441287870253e-02 4.108460089316795516e-01 5.683269336586048437e-03
1.850000000000000089e+00 9.250000000000000444e-01 3.354101966249682931e-01 1.500000468849493618e-01 3.000420097213338244e-01 1.964260665276707510e-08 1.993587454883369303e-01 2.970756315737103220e-02 4.510321823463784296e-01 5.400946417788066514e-03
1.850000000000000089e+00 9.499999999999999556e-01 3.162277660168376636e-01 1.000000703274106506e-01 3.003185861667465595e-01 1.310519002183900241e-08 1.375618442976625500e-01 2.958742419205855068e-02 4.964210561386121490e-01 5.192332538959034544e-03
1.850000000000000089e+00 9.750000000000000888e-01 3.041381265149108448e-01 5.000014065467490304e-02 3.016741332092554573e-01 6.555635917163258887e-09 7.035241358943850054e-02 2.946487223229545677e-02 5.459221925419748267e-01 5.064059012773441254e-03
1.850000000000000089e+00 1.000000000000000000e+00 2.999999999999997669e-01 1.185980073235029205e-04 3.059093684933016366e-01 5.864383474651297414e-12 6.342422929106472651e-05 2.933996264380580796e-02 5.974301210812602569e-01 5.020746097605915947e-03
1.850000000000000089e+00 1.024999999999999911e+00 3.041381265149107893e-01 5.000014065467602020e-02 3.149321197666830052e-01 6.555635956920191215e-09 7.035241386645574302e-02 2.921275139099055451e-02 6.481928311181216484e-01 5.064059013118973884e-03
1.850000000000000089e+00 1.050000000000000044e+00 3.162277660168377746e-01 1.000000703274106506e-01 3.297065887028149955e-01 1.310519005276105519e-08 1.375618445567854953e-01 2.908329498528166440e-02 6.925415907907975788e-01 5.192332539636738097e-03
1.850000000000000089e+00 1.075000000000000178e+00 3.354101966249681821e-01 1.500000468849493618e-01 3.502023663329350556e-01 1.964260667485429631e-08 1.993587457229015758e-01 2.895165043361454249e-02 7.252477289716798836e-01 5.400946418774697430e-03
1.850000000000000089e+00 1.100000000000000089e+00 3.605551275463988459e-01 2.000000351637156171e-01 3.758170971838363239e-01 2.616185953347865579e-08 2.546846257117012513e-01 2.881787518709998108e-02 7.490115132755326144e-01 5.683269337852885766e-03
1.850000000000000089e+00 1.125000000000000000e+00 3.905124837953325434e-01 2.500000281309699979e-01 4.057445344937851139e-01 3.265697478272582624e-08 3.034847279748190685e-01 2.868202708996099581e-02 7.695296644632025895e-01 6.031766484594098393e-03
1.850000000000000089e+00 1.149999999999999911e+00 4.242640687119281773e-01 3.000000234424747836e-01 4.391871317698265442e-01 3.912204755054966048e-08 3.462931157286543438e-01 2.854416432881216881e-02 7.860085022750548100e-01 6.438914243065975776e-03
1.850000000000000089e+00 1.175000000000000044e+00 4.609772228646443204e-01 3.500000200935515227e-01 4.754489250211331730e-01 4.555125809775097526e-08 3.838796055372705185e-01 2.840434538234625633e-02 8.009304171030784403e-01 6.897767170734181962e-03
1.850000000000000089e+00 1.200000000000000178e+00 4.999999999999997780e-01 4.000000175818588244e-01 5.139594556077891063e-01 5.193888784443889541e-08 4.170372587102380013e-01 2.826262897149645070e-02 8.133266109178872716e-01 7.402199783319679018e-03
1.850000000000000089e+00 1.225000000000000089e+00 5.408326913195982133e-01 4.500000156283181507e-01 5.542657574125223752e-01 5.827933452184098048e-08 4.464837266566182294e-01 2.811907401014050040e-02 8.246289256117537159e-01 7.946924868918639473e-03
1.850000000000000089e+00 1.250000000000000000e+00 5.830951894845298744e-01 5.000000140654868863e-01 5.960133598618155837e-01 6.456712695967245286e-08 4.728294880477288964e-01 2.797373955640871518e-02 8.346978681456257432e-01 8.527392419350524749e-03
1.850000000000000089e+00 1.274999999999999911e+00 6.264982043070832507e-01 5.500000127868038824e-01 6.389261230863125807e-01 7.079693872497381411e-08 4.965782275795672662e-01 2.782668476465612051e-02 8.437552126029237431e-01 9.139643995238224544e-03
1.850000000000000089e+00 1.300000000000000044e+00 6.708203932499369193e-01 6.000000117212391793e-01 6.827886275575920649e-01 7.696360123748128609e-08 5.181397307359117965e-01 2.767796883815767939e-02 8.520759134619836361e-01 9.780165929535520122e-03
1.850000000000000089e+00 1.325000000000000178e+00 7.158910531638174035e-01 6.500000108196064552e-01 7.274320057622928326e-01 8.306211590562158078e-08 5.378458226550031362e-01 2.752765098258301221e-02 8.594598196707801119e-01 1.044576193792485716e-02
1.850000000000000089e+00 1.350000000000000089e+00 7.615773105863908876e-01 7.000000100467747011e-01 7.727229815645650923e-01 8.908766521443223958e-08 5.559653871486505139e-01 2.737579036030225038e-02 8.663391193640196386e-01 1.113318340773861159e-02
1.850000000000000089e+00 1.375000000000000000e+00 8.077747210701755609e-01 7.500000093769911835e-01 8.185555470916081600e-01 9.503562290523591301e-08 5.727171474204871826e-01 2.722244604557409742e-02 8.726217415299037938e-01 1.183984991062386229e-02
1.850000000000000089e+00 1.399999999999999911e+00 8.544003745317528820e-01 8.000000087909295843e-01 8.648446890437876400e-01 1.009015631774728467e-07 5.882800365639311302e-01 2.706767698066447903e-02 8.784069636963300898e-01 1.256304417674050482e-02
1.850000000000000089e+00 1.425000000000000044e+00 9.013878188659973922e-01 8.500000082738143892e-01 9.115216644034178639e-01 1.066812687525757177e-07 6.028014175316732670e-01 2.691154193294210961e-02 8.837804680495037202e-01 1.330007248812205278e-02
1.850000000000000089e+00 1.450000000000000178e+00 9.486832980505135460e-01 9.000000078141583426e-01 9.585304328507153748e-01 1.123707378936401342e-07 6.164035279074567830e-01 2.675409945298917042e-02 8.887727539408759592e-01 1.404827927718210051e-02
1.850000000000000089e+00 1.475000000000000089e+00 9.962429422585634686e-01 9.500000074028861485e-01 1.005824948990765577e+00 1.179661903783529019e-07 6.291885134861913143e-01 2.659540783377168857e-02 8.934101417443165438e-01 1.438142470262372859e-02
1.850000000000000089e+00 1.500000000000000000e+00 1.044030650891054846e+00 1.000000007032741722e+00 1.053367094034108220e+00 1.234640724719183941e-07 6.412423609446518125e-01 2.643552507090175807e-02 8.977389155370398832e-01 1.422122778146360858e-02
