2.200000000000000178e+00 5.000000000000000000e-01 1.077032961426900748e+00 1.083584017051126169e+00 3.999999999999979683e-01 8.483464631266093536e-08 8.150336850032053881e-01 2.661431779606492423e-02 2.391942357422655596e-01 1.283923230390271453e-02
2.200000000000000178e+00 5.250000000000000222e-01 1.030776406404415368e+00 1.037619545887919825e+00 3.999999999999984679e-01 8.094298524753654863e-08 8.141185461250078914e-01 2.656230174711174050e-02 2.448401965417478232e-01 1.260506136179103884e-02
2.200000000000000178e+00 5.500000000000000444e-01 9.848857801796104816e-01 9.920455241613967967e-01 3.999999999999974687e-01 7.699989205993466824e-08 8.135274870046228513e-01 2.650792032937709236e-02 2.510859615813597068e-01 1.238579585934243554e-02
2.200000000000000178e+00 5.749999999999999556e-01 9.394147114027967538e-01 9.469183291122071910e-01 3.999999999999983014e-01 7.300745877736592361e-08 8.133215760262449967e-01 2.645119731358058779e-02 2.580054080934154337e-01 1.218184274036024362e-02
2.200000000000000178e+00 5.999999999999999778e-01 8.944271909999159664e-01 9.023050049781743409e-01 3.999999999999962474e-01 6.896786862533084491e-08 8.134032630865148938e-01 2.639215739461062138e-02 2.656849531827403799e-01 1.199343995306225916e-02
2.200000000000000178e+00 6.250000000000000000e-01 8.499999999999998668e-01 8.582856878735987127e-01 4.000000000000001887e-01 6.488339324874838624e-08 8.133302297265281311e-01 2.633082616826003947e-02 2.742258211087344466e-01 1.182065259229994093e-02
2.200000000000000178e+00 6.500000000000000222e-01 8.062257748298548021e-01 8.149566381155864958e-01 3.999999999999952482e-01 6.075638939004575477e-08 8.135661468015571440e-01 2.626723010724096169e-02 2.837466399050162513e-01 1.166337439562253019e-02
2.200000000000000178e+00 6.750000000000000444e-01 7.632168761236872712e-01 7.724340243727384481e-01 3.999999999999963030e-01 5.658929558049750277e-08 8.133922886824457299e-01 2.620139653651976791e-02 2.943863131165901925e-01 1.152133492318429230e-02
2.200000000000000178e+00 6.999999999999999556e-01 7.211102550927982469e-01 7.308586197129105511e-01 3.999999999999989120e-01 5.238462822637563934e-08 8.133214768042645870e-01 2.613335360800774637e-02 3.063070043752652016e-01 1.139411243651722479e-02
2.200000000000000178e+00 7.249999999999999778e-01 6.800735254367723526e-01 6.904015657634777758e-01 4.000000000000011324e-01 4.814497748306393002e-08 8.133888204078315587e-01 2.606313027464985527e-02 3.196968742287964460e-01 1.128115215611319617e-02
2.200000000000000178e+00 7.500000000000000000e-01 6.403124237432851196e-01 6.512713121339348543e-01 4.000000000000979439e-01 4.387300297897913320e-08 8.135736511249515024e-01 2.599075626394174027e-02 3.347718625602795206e-01 1.118178925694379884e-02
2.200000000000000178e+00 7.750000000000000222e-01 6.020797289396150331e-01 6.137216975214885295e-01 4.000000000024487301e-01 3.957142881061379447e-08 8.138490470016369605e-01 2.591626205093005425e-02 3.517752371670322953e-01 1.109527568741857512e-02
2.200000000000000178e+00 8.000000000000000444e-01 5.656854249492381248e-01 5.780608289865869498e-01 4.000000000540638867e-01 3.524303901024697696e-08 8.140441345854106947e-01 2.583967883072159008e-02 3.709727451885478922e-01 1.102080969677896732e-02
2.200000000000000178e+00 8.249999999999999556e-01 5.315072906367326322e-01 5.446598222823698654e-01 4.000000010441945308e-01 3.089067190045882859e-08 8.139349516989354827e-01 2.576103849055244588e-02 3.926399839408634129e-01 1.079448240489651323e-02
2.200000000000000178e+00 8.500000000000000888e-01 5.000000000000002220e-01 5.139594556077945464e-01 4.000000175818553272e-01 2.651721493898213954e-08 8.138671394182834806e-01 2.568037358145162583e-02 4.170372587472692127e-01 1.019663973454093889e-02
2.200000000000000178e+00 8.750000000000000000e-01 4.716990566028304022e-01 4.864712961816539671e-01 4.000002556461020320e-01 2.212559895394657079e-08 8.138358275007395726e-01 2.559771728954603545e-02 4.443665084768371742e-01 9.659722533766412073e-03
2.200000000000000178e+00 9.000000000000000222e-01 4.472135954999582608e-01 4.627681082450036953e-01 4.000031465440502254e-01 1.771879229408792808e-08 8.138385778465409004e-01 2.551310340704398411e-02 4.747067044346040543e-01 9.195611503739363826e-03
2.200000000000000178e+00 9.250000000000000444e-01 4.272001872658767740e-01 4.434572380835151151e-01 4.000315082560584323e-01 1.329979497233069847e-08 8.138756098695197894e-01 2.542656630294002490e-02 5.079314206122798048e-01 8.816795663697493332e-03
2.200000000000000178e+00 9.499999999999999556e-01 4.123105625617664027e-01 4.291320566080541465e-01 4.002389950981681821e-01 8.871632333392323670e-09 8.139497800729755816e-01 2.533814089348490964e-02 5.436272121166383364e-01 8.535401536879323736e-03
2.200000000000000178e+00 9.750000000000000888e-01 4.031128874149278452e-01 4.203026552481670119e-01 4.012571278464169833e-01 4.437349330993153057e-09 8.140663187225057884e-01 2.524786261245824323e-02 5.810500967725572563e-01 8.361810002463127695e-03
2.200000000000000178e+00 1.000000000000000000e+00 4.000000000000004108e-01 4.173180106449509985e-01 4.044509138720949748e-01 3.969243341545680666e-12 8.142323603483263561e-01 2.515576738128686568e-02 6.191642714826094407e-01 2.361271161404221536e-05
2.200000000000000178e+00 1.024999999999999911e+00 4.031128874149276786e-01 4.203026552481636813e-01 4.113176875126262622e-01 4.437349357497781778e-09 8.144563309111658711e-01 2.506189157905099746e-02 6.567820004884090679e-01 8.361810002930838634e-03
2.200000000000000178e+00 1.050000000000000044e+00 4.123105625617664027e-01 4.291320566080541465e-01 4.227368385107299065e-01 8.871632359896914340e-09 8.144677599033594007e-01 2.496627201241526442e-02 6.927682902295969614e-01 8.535401537795521409e-03
2.200000000000000178e+00 1.075000000000000178e+00 4.272001872658768296e-01 4.434572380835151151e-01 4.389096688217147824e-01 1.329979497674816058e-08 8.141133614187783252e-01 2.486894588552943791e-02 7.243229456877666728e-01 8.816795665025960183e-03
2.200000000000000178e+00 1.100000000000000089e+00 4.472135954999583163e-01 4.627681082450020300e-01 4.596068869541525825e-01 1.771879232611436293e-08 8.137885083344165160e-01 2.476995076993088185e-02 7.506268777323530372e-01 9.195611505433631816e-03
2.200000000000000178e+00 1.125000000000000000e+00 4.716990566028305132e-01 4.864712961816539671e-01 4.843847925684486855e-01 2.212559896719894388e-08 8.135287134548899735e-01 2.466932457449837190e-02 7.691101257968294691e-01 9.659722535776741476e-03
2.200000000000000178e+00 1.149999999999999911e+00 5.000000000000002220e-01 5.139594556077942133e-01 5.127234505190964020e-01 2.651721495665186224e-08 8.133653047505023936e-01 2.456710551548402580e-02 7.859848388896457649e-01 1.019663973681817284e-02
2.200000000000000178e+00 1.175000000000000044e+00 5.315072906367327432e-01 5.446598222823698654e-01 5.441063134202298590e-01 3.089067191923291020e-08 8.133239815735421319e-01 2.446333208666822551e-02 8.009816059827167267e-01 1.079448240739502851e-02
2.200000000000000178e+00 1.200000000000000178e+00 5.656854249492381248e-01 5.780608289865869498e-01 5.780608289865803995e-01 3.524303903233406913e-08 8.134241513027865578e-01 2.435804302967196910e-02 8.133217377628749745e-01 1.102080969705383426e-02
2.200000000000000178e+00 1.225000000000000089e+00 6.020797289396150331e-01 6.137216975214890846e-01 6.141746737208200191e-01 3.957142884153588364e-08 8.136792991930302810e-01 2.425127730446416038e-02 8.246714686693471519e-01 1.109527568773992397e-02
2.200000000000000178e+00 1.250000000000000000e+00 6.403124237432850085e-01 6.512713121339348543e-01 6.520980947171748365e-01 4.387300299223134085e-08 8.140970084326293321e-01 2.414307406009338214e-02 8.349062052050952865e-01 1.118178925731489262e-02
2.200000000000000178e+00 1.274999999999999911e+00 6.800735254367717975e-01 6.904015657634745562e-01 6.915392908303192865e-01 4.814497752723835258e-08 8.139143365423602283e-01 2.403347260568460333e-02 8.437536776640861547e-01 1.128115215653740025e-02
2.200000000000000178e+00 1.300000000000000044e+00 7.211102550927981358e-01 7.308586197129105511e-01 7.322569971819892221e-01 5.238462823521049076e-08 8.134535399932071309e-01 2.392251238173127847e-02 8.520191587494592156e-01 1.139411243699699552e-02
2.200000000000000178e+00 1.325000000000000178e+00 7.632168761236872712e-01 7.724340243727384481e-01 7.740525324597506973e-01 5.658929561583690847e-08 8.133226583930845965e-01 2.381023293171181249e-02 8.594584629466430759e-01 1.152133492372256832e-02
2.200000000000000178e+00 1.350000000000000089e+00 8.062257748298551352e-01 8.149566381155852746e-01 8.167623927667299055e-01 6.075638941213288002e-08 8.135001499600139629e-01 2.369667387406620973e-02 8.663830299969180748e-01 1.166337439622101846e-02
2.200000000000000178e+00 1.375000000000000000e+00 8.500000000000000888e-01 8.582856878735987127e-01 8.602518141070327751e-01 6.488339322224367976e-08 8.135562620169499715e-01 2.358187487455760262e-02 8.726032099471174863e-01 1.182065259295999801e-02
2.200000000000000178e+00 1.399999999999999911e+00 8.944271909999158554e-01 9.023050049781720094e-01 9.044093852715469062e-01 6.896786865183522051e-08 8.133216922159011153e-01 2.346587561905141492e-02 8.785079331885212728e-01 1.199343995378466046e-02
2.200000000000000178e+00 1.425000000000000044e+00 9.394147114027969758e-01 9.469183291122071910e-01 9.491426366341240151e-01 7.300745879945334003e-08 8.133215760262060279e-01 2.334871578673381950e-02 8.837807406156733547e-01 1.218184274114532048e-02
2.200000000000000178e+00 1.450000000000000178e+00 9.848857801796105926e-01 9.920455241613967967e-01 9.943744720682405891e-01 7.699989206656068935e-08 8.135274870062608743e-01 2.323043502380242598e-02 8.887820507833567030e-01 1.238579586018927030e-02
2.200000000000000178e+00 1.475000000000000089e+00 1.030776406404415368e+00 1.037619545887923600e+00 1.040040301148120072e+00 8.094298523649299923e-08 8.141185461280580071e-01 2.311107291764693400e-02 8.934101067506464711e-01 1.260506136269835993e-02
2.200000000000000178e+00 1.500000000000000000e+00 1.077032961426900970e+00 1.083584017051126169e+00 1.086085740074825834e+00 8.483464632149564782e-08 8.150336850074419992e-01 2.299066897154673078e-02 8.977645511784101418e-01 1.283923230486862417e-02
