2.350000000000000089e+00 5.000000000000000000e-01 1.220655561573370296e+00 1.227640340750513204e+00 6.999999999999968470e-01 7.325077621103678312e-08 8.663074259872806104e-01 2.490794589960520708e-02 3.886814506900158617e-01 1.260505586097968381e-02
2.350000000000000089e+00 5.250000000000000222e-01 1.180042372120594152e+00 1.187266105908038494e+00 6.999999999999981792e-01 6.985940779655690176e-08 8.663311388460802620e-01 2.486224510457550954e-02 3.957257643986973328e-01 1.246696903848518341e-02
2.350000000000000089e+00 5.500000000000000444e-01 1.140175425099138051e+00 1.147650123616966278e+00 6.999999999999954037e-01 6.642799437865323698e-08 8.664318026096603509e-01 2.481445740361065688e-02 4.033592185701838084e-01 1.233945573251799682e-02
2.350000000000000089e+00 5.749999999999999556e-01 1.101135777277262084e+00 1.108873665589564572e+00 6.999999999999984013e-01 6.295821737081068894e-08 8.663635523975167230e-01 2.476460251227317194e-02 4.116229698918592583e-01 1.222246489942325695e-02
2.350000000000000089e+00 5.999999999999999778e-01 1.063014581273464820e+00 1.071027920382115139e+00 6.999999999999939604e-01 5.945182214658484651e-08 8.663206123295416061e-01 2.471270092075206898e-02 4.205605382180521712e-01 1.211584526387884247e-02
2.350000000000000089e+00 6.250000000000000000e-01 1.025914226434159637e+00 1.034215067690486212e+00 6.999999999999951816e-01 5.591061571603109289e-08 8.663059551444199924e-01 2.465877387555144573e-02 4.302172779446075124e-01 1.201935068743295240e-02
2.350000000000000089e+00 6.500000000000000222e-01 9.899494936611661355e-01 9.985493509276546220e-01 6.999999999999998446e-01 5.233646449489762285e-08 8.663131924473548295e-01 2.460284336060120786e-02 4.406395460169365008e-01 1.180901708705005965e-02
2.350000000000000089e+00 6.750000000000000444e-01 9.552486587271398211e-01 9.641580815602990295e-01 6.999999999999995115e-01 4.873129158348564518e-08 8.663358836364098980e-01 2.454493207781903094e-02 4.518734735863765839e-01 1.109057859329162267e-02
2.350000000000000089e+00 6.999999999999999556e-01 9.219544457292888628e-01 9.311824774114032532e-01 6.999999999999970690e-01 4.509707406759459290e-08 8.663677071023458964e-01 2.448506342714763806e-02 4.639632368578656685e-01 1.037428652157328449e-02
2.350000000000000089e+00 7.249999999999999778e-01 8.902246907382427299e-01 8.997781983567012531e-01 6.999999999999986233e-01 4.143584013393536744e-08 8.664027334059460905e-01 2.442326148610437023e-02 4.769487204270214109e-01 9.662512717567713419e-03
2.350000000000000089e+00 7.500000000000000000e-01 8.602325267042625345e-01 8.701153982306246704e-01 7.000000000000544675e-01 3.774966565545196794e-08 8.664356895799583125e-01 2.435955098886657261e-02 4.908624820273843059e-01 8.958141760433881856e-03
2.350000000000000089e+00 7.750000000000000222e-01 8.321658488546617161e-01 8.423780660950502819e-01 7.000000000013975043e-01 3.404067112782932002e-08 8.664622049746852905e-01 2.429395730492221045e-02 5.057259728274043908e-01 8.264781400428213715e-03
2.350000000000000089e+00 8.000000000000000444e-01 8.062257748298551352e-01 8.167623927667331252e-01 7.000000000308919113e-01 3.031101812891654682e-08 8.664790246639124671e-01 2.422650641732322294e-02 5.215450557582972380e-01 7.587067559838879538e-03
2.350000000000000089e+00 8.249999999999999556e-01 7.826237921249263874e-01 7.934738850384663866e-01 7.000000005966812155e-01 2.656290543138285258e-08 8.664841738433385343e-01 2.415722490056535637e-02 5.383050072639962158e-01 6.931104139300113542e-03
2.350000000000000089e+00 8.500000000000000888e-01 7.615773105863903325e-01 7.727229815645701994e-01 7.000000100467751452e-01 2.279856559245613435e-08 8.664770597935276264e-01 2.408613989812952855e-02 5.559653871357133070e-01 6.305084967287158219e-03
2.350000000000000089e+00 8.750000000000000000e-01 7.433034373659254124e-01 7.547190246959707416e-01 7.000001460835214573e-01 1.902026075073153255e-08 8.664585028057089078e-01 2.401327909971318411e-02 5.744553977652916421e-01 5.720130527424017140e-03
2.350000000000000089e+00 9.000000000000000222e-01 7.280109889280519386e-01 7.396626300131966536e-01 7.000017980299350073e-01 1.523027875428787607e-08 8.664306934215655343e-01 2.393867071818781347e-02 5.936705772551016391e-01 5.191285969285948723e-03
2.350000000000000089e+00 9.250000000000000444e-01 7.158910531638177366e-01 7.277367698818285602e-01 7.000180051953077687e-01 1.143092901713163058e-08 8.663970796446466283e-01 2.386234346630778519e-02 6.134717941776511863e-01 4.738364247710246530e-03
2.350000000000000089e+00 9.499999999999999556e-01 7.071067811865477948e-01 7.190972161245204886e-01 7.001365960990699744e-01 7.624538269622624658e-09 8.663621935999782364e-01 2.378432653320878415e-02 6.336874304686664905e-01 4.385755005152119912e-03
2.350000000000000089e+00 9.750000000000000888e-01 7.017834423809099498e-01 7.138632966037959937e-01 7.007191182260927853e-01 3.813446684381597620e-09 8.663314317027241973e-01 2.370464956072104376e-02 6.541192728702600601e-01 4.159637424734888636e-03
2.350000000000000089e+00 1.000000000000000000e+00 7.000000000000001776e-01 7.121101082262775162e-01 7.025528746877129915e-01 3.411011820578256221e-12 8.663108052310650731e-01 2.362334261953390538e-02 6.745519881679937768e-01 1.090266113049416670e-05
2.350000000000000089e+00 1.024999999999999911e+00 7.017834423809097277e-01 7.138632966037958827e-01 7.065283009623435362e-01 3.813446676651071191e-09 8.663066646516836000e-01 2.354043618523962711e-02 6.947652683871516910e-01 4.159637425354753906e-03
2.350000000000000089e+00 1.050000000000000044e+00 7.071067811865477948e-01 7.190972161245204886e-01 7.132365909248106206e-01 7.624538266861725730e-09 8.663254473472710160e-01 2.345596111428915886e-02 7.145470455156235356e-01 4.385755006326548522e-03
2.350000000000000089e+00 1.075000000000000178e+00 7.158910531638177366e-01 7.277367698818285602e-01 7.229396222266333272e-01 1.143092903038394742e-08 8.663735116224537958e-01 2.336994861988939826e-02 7.337058512075596006e-01 4.738364249338728601e-03
2.350000000000000089e+00 1.100000000000000089e+00 7.280109889280520497e-01 7.396626300131972087e-01 7.356891262861526837e-01 1.523027877637503772e-08 8.664568350465169377e-01 2.328243024787295806e-02 7.520805757107407175e-01 5.191285971264308907e-03
2.350000000000000089e+00 1.125000000000000000e+00 7.433034373659254124e-01 7.547190246959707416e-01 7.514177448474158583e-01 1.902026075735769593e-08 8.665808798412664160e-01 2.319343785257236071e-02 7.695465007067153751e-01 5.720130529663006516e-03
2.350000000000000089e+00 1.149999999999999911e+00 7.615773105863909986e-01 7.727229815645668687e-01 7.699904783256765750e-01 2.279856560129100894e-08 8.667504644878015752e-01 2.310300357272211669e-02 7.860173104305692160e-01 6.305084969717613362e-03
2.350000000000000089e+00 1.175000000000000044e+00 7.826237921249266094e-01 7.934738850384663866e-01 7.912342764970121678e-01 2.656290547113977002e-08 8.667962154391387619e-01 2.301115980742592798e-02 8.006767386970762290e-01 6.931104141870329284e-03
2.350000000000000089e+00 1.200000000000000178e+00 8.062257748298551352e-01 8.167623927667331252e-01 8.149566381155852746e-01 3.031101812008162260e-08 8.665708448067697134e-01 2.291793919220998926e-02 8.135000395055824729e-01 7.587067562510914007e-03
2.350000000000000089e+00 1.225000000000000089e+00 8.321658488546619381e-01 8.423780660950492827e-01 8.409581023095504815e-01 3.404067114770784657e-08 8.664102555015922302e-01 2.282337457519652973e-02 8.246293818255494568e-01 8.264781403173899338e-03
2.350000000000000089e+00 1.250000000000000000e+00 8.602325267042627566e-01 8.701153982306246704e-01 8.690408075192830317e-01 3.774966569079157216e-08 8.663218511484687134e-01 2.272749899341988677e-02 8.347683572608919356e-01 8.958141763232061947e-03
2.350000000000000089e+00 1.274999999999999911e+00 8.902246907382425078e-01 8.997781983567046948e-01 8.990142327917320930e-01 4.143584014277018578e-08 8.663111592368355485e-01 2.263034564931392517e-02 8.437885613841396015e-01 9.662512720402190863e-03
2.350000000000000089e+00 1.300000000000000044e+00 9.219544457292889739e-01 9.311824774114032532e-01 9.306988287958587458e-01 4.509707408968177110e-08 8.663819894537785338e-01 2.253194788739833893e-02 8.519709849271912550e-01 1.037428652443110610e-02
2.350000000000000089e+00 1.325000000000000178e+00 9.552486587271398211e-01 9.641580815602990295e-01 9.639280694156349139e-01 4.873129157906823601e-08 8.665366612423466286e-01 2.243233917118406598e-02 8.595991318422822047e-01 1.109057859616259176e-02
2.350000000000000089e+00 1.350000000000000089e+00 9.899494936611665796e-01 9.985493509276487378e-01 9.985493509276507362e-01 5.233646449489762946e-08 8.667760288724855045e-01 2.233155306032836435e-02 8.663388753699060585e-01 1.180901708992523891e-02
2.350000000000000089e+00 1.375000000000000000e+00 1.025914226434159637e+00 1.034215067690486212e+00 1.034424083088964830e+00 5.591061574032694920e-08 8.665193171569538499e-01 2.222962318805725077e-02 8.726219096632175098e-01 1.201935068779891834e-02
2.350000000000000089e+00 1.399999999999999911e+00 1.063014581273465042e+00 1.071027920382114029e+00 1.071427242591515228e+00 5.945182216867200485e-08 8.663468666676817920e-01 2.212658323888128456e-02 8.784088085563016568e-01 1.211584526428476950e-02
2.350000000000000089e+00 1.425000000000000044e+00 1.101135777277262306e+00 1.108873665589564572e+00 1.109446593882184029e+00 6.295821740173283105e-08 8.663086802013205689e-01 2.202246692662769220e-02 8.837843200627856222e-01 1.222246489987035070e-02
2.350000000000000089e+00 1.450000000000000178e+00 1.140175425099137829e+00 1.147650123616966278e+00 1.148381726910085554e+00 6.642799438748810826e-08 8.663999127573746017e-01 2.191730797280366794e-02 8.887828033778413239e-01 1.233945573300693904e-02
2.350000000000000089e+00 1.475000000000000089e+00 1.180042372120594596e+00 1.187266105908037606e+00 1.188143016649205741e+00 6.985940781201796620e-08 8.666147949048863541e-01 2.181114008531902931e-02 8.934203744430474492e-01 1.246696903901628115e-02
2.350000000000000089e+00 1.500000000000000000e+00 1.220655561573370296e+00 1.227640340750513204e+00 1.228650574733871181e+00 7.325077623312404072e-08 8.663713899155083276e-01 2.170399693758029436e-02 8.977751152771482612e-01 1.260505586155336900e-02
