2.450000000000000178e+00 5.000000000000000000e-01 1.345362404707370896e+00 1.352324144094525948e+00 8.999999999999966915e-01 6.668925389996645850e-08 8.887680190480484743e-01 2.385845933837484056e-02 4.707316615445060748e-01 1.244366084268654603e-02
2.450000000000000178e+00 5.250000000000000222e-01 1.308625232830238794e+00 1.315781361283474116e+00 8.999999999999970246e-01 6.358522283404636506e-08 8.887680499285103286e-01 2.381644885565185540e-02 4.776413629103511416e-01 1.234478706824427771e-02
2.450000000000000178e+00 5.500000000000000444e-01 1.272792206135785475e+00 1.280148659609888329e+00 8.999999999999970246e-01 6.044706255665326958e-08 8.887810034078224009e-01 2.377251499653020017e-02 4.850396951097489251e-01 1.225404911092995222e-02
2.450000000000000178e+00 5.749999999999999556e-01 1.237941840313994790e+00 1.245504151217889266e+00 8.999999999999948042e-01 5.727623182477423199e-08 8.888031884289530060e-01 2.372667521378336170e-02 4.929457643647012777e-01 1.192655001154422668e-02
2.450000000000000178e+00 5.999999999999999778e-01 1.204159457879229400e+00 1.211932585047944766e+00 8.999999999999984679e-01 5.407424044109054985e-08 8.888309939917986569e-01 2.367894765041657010e-02 5.013779252064031189e-01 1.127579017620268000e-02
2.450000000000000178e+00 6.250000000000000000e-01 1.171537451385998407e+00 1.179525578654821771e+00 8.999999999999998002e-01 5.084264719324276233e-08 8.888610048847400691e-01 2.362935112400437951e-02 5.103531336161065690e-01 1.062050055007108390e-02
2.450000000000000178e+00 6.500000000000000222e-01 1.140175425099138051e+00 1.148381726910085110e+00 8.999999999999976907e-01 4.758305795764625684e-08 8.888901098743818840e-01 2.357790511053120194e-02 5.198861540938664039e-01 9.961518011557330549e-03
2.450000000000000178e+00 6.750000000000000444e-01 1.110180165558726006e+00 1.118606539718498105e+00 8.999999999999992450e-01 4.429712366415685216e-08 8.889156054564053555e-01 2.352462972775313729e-02 5.299886103466507903e-01 9.299745474774172987e-03
2.450000000000000178e+00 6.999999999999999556e-01 1.081665382639197315e+00 1.090312152872280116e+00 9.000000000000000222e-01 4.098653794599450937e-08 8.889352898578133377e-01 2.346954571810354676e-02 5.406678782637071023e-01 8.636182626192492884e-03
2.450000000000000178e+00 7.249999999999999778e-01 1.054751155486449488e+00 1.063616749915588189e+00 8.999999999999996891e-01 3.765303467481333226e-08 8.889475421490408147e-01 2.341267443117307778e-02 5.519258338388450813e-01 7.971973515735870930e-03
2.450000000000000178e+00 7.500000000000000000e-01 1.029563014098700213e+00 1.038643630270263518e+00 9.000000000000418776e-01 3.429838563160783279e-08 8.889513819148054941e-01 2.335403780578177574e-02 5.637574884865728109e-01 7.308481058912279053e-03
2.450000000000000178e+00 7.750000000000000222e-01 1.006230589874905545e+00 1.015519862287781239e+00 9.000000000010872636e-01 3.092439765857054211e-08 8.889465059237662281e-01 2.329365835167093030e-02 5.761495698447529623e-01 6.647405922861842828e-03
2.450000000000000178e+00 8.000000000000000444e-01 9.848857801796108147e-01 9.943744720682414773e-01 9.000000000240278020e-01 2.753290987168915972e-08 8.889332995573271390e-01 2.323155913084333155e-02 5.890791364344685199e-01 5.990981208787396484e-03
2.450000000000000178e+00 8.249999999999999556e-01 9.656603957913987291e-01 9.753361424150099879e-01 9.000000004640860141e-01 2.412579090675039098e-08 8.889128222916719002e-01 2.316776373857168392e-02 6.025123463352823894e-01 5.342301371905373505e-03
2.450000000000000178e+00 8.500000000000000888e-01 9.486832980505138790e-01 9.585304328507235905e-01 9.000000078141576765e-01 2.070493581471040978e-08 8.888867681291117151e-01 2.310229628410537250e-02 6.164035278921914385e-01 4.705897580778569886e-03
2.450000000000000178e+00 8.750000000000000000e-01 9.340770846134704986e-01 9.440765809514519713e-01 9.000001136205215690e-01 1.727226288831812874e-08 8.888574033902663096e-01 2.303518137110201897e-02 6.306947167643118801e-01 4.088779503435252538e-03
2.450000000000000178e+00 9.000000000000000222e-01 9.219544457292891959e-01 9.320840041010203247e-01 9.000013984684367419e-01 1.382971065107999348e-08 8.888274855648231609e-01 2.296644407780537925e-02 6.453158195691731658e-01 3.502370410061541456e-03
2.450000000000000178e+00 9.250000000000000444e-01 9.124143795447331451e-01 9.226486821650980996e-01 9.000140041119440992e-01 1.037923456544081604e-08 8.888001678646519910e-01 2.289610993700166505e-02 6.601855322319816199e-01 2.966078481224283109e-03
2.450000000000000178e+00 9.499999999999999556e-01 9.055385138137420631e-01 9.158496550749963827e-01 9.001062455050441447e-01 6.922803681881854892e-09 8.887788946630640341e-01 2.282420491577717703e-02 6.752130773445175205e-01 2.513216451562338277e-03
2.450000000000000178e+00 9.750000000000000888e-01 9.013878188659978363e-01 9.117459024865384176e-01 9.005594276046160473e-01 3.462397635063466536e-09 8.887672931226010542e-01 2.275075539510534178e-02 6.903007331047007478e-01 2.196826135913642133e-03
2.450000000000000178e+00 1.000000000000000000e+00 9.000000000000003553e-01 9.103738741313878169e-01 9.019869964317466238e-01 3.096949715531967408e-12 8.887690456330841204e-01 2.267578814928687680e-02 7.053470194417985617e-01 7.473708593024698055e-06
2.450000000000000178e+00 1.024999999999999911e+00 9.013878188659977253e-01 9.117459024865419703e-01 9.050868687925672784e-01 3.462397648315777588e-09 8.887878342564311529e-01 2.259933032527377400e-02 7.202503050911697180e-01 2.196826136818610942e-03
2.450000000000000178e+00 1.050000000000000044e+00 9.055385138137420631e-01 9.158496550749963827e-01 9.103331448618394717e-01 6.922803703969018196e-09 8.888272310157278033e-01 2.252140942189808509e-02 7.349125258769522162e-01 2.513216453142834428e-03
2.450000000000000178e+00 1.075000000000000178e+00 9.124143795447331451e-01 9.226486821650980996e-01 9.179551717732121752e-01 1.037923456102337709e-08 8.888905969669317342e-01 2.244205326903428097e-02 7.492426782216173864e-01 2.966078483230896734e-03
2.450000000000000178e+00 1.100000000000000089e+00 9.219544457292893069e-01 9.320840041010183263e-01 9.280293586604280165e-01 1.382971066874972942e-08 8.889810282797067087e-01 2.236129000672072015e-02 7.631597808819637896e-01 3.502370412323587909e-03
2.450000000000000178e+00 1.125000000000000000e+00 9.340770846134706096e-01 9.440765809514519713e-01 9.405469830218879945e-01 1.727226290598788453e-08 8.891013041019314445e-01 2.227914806426500860e-02 7.765950759069539799e-01 4.088779505851904486e-03
2.450000000000000178e+00 1.149999999999999911e+00 9.486832980505139901e-01 9.585304328507220362e-01 9.554503318918274868e-01 2.070493583679756812e-08 8.890299217560282408e-01 2.219565613935716580e-02 7.894933484235500121e-01 4.705897583291634295e-03
2.450000000000000178e+00 1.175000000000000044e+00 9.656603957913983960e-01 9.753361424150099879e-01 9.726518803270527425e-01 2.412579094733557099e-08 8.889065245292477879e-01 2.211084317721601772e-02 8.018133597471338581e-01 5.342301374479184461e-03
2.450000000000000178e+00 1.200000000000000178e+00 9.848857801796108147e-01 9.943744720682414773e-01 9.920455241613957975e-01 2.753290987610654573e-08 8.888194672274810637e-01 2.202473834979445932e-02 8.135274869129976993e-01 5.990981211399914325e-03
2.450000000000000178e+00 1.225000000000000089e+00 1.006230589874905768e+00 1.015519862287782793e+00 1.013513951477764241e+00 3.092439764973569068e-08 8.887730629208827615e-01 2.193737103506410505e-02 8.246207291655340832e-01 6.647405925498535775e-03
2.450000000000000178e+00 1.250000000000000000e+00 1.029563014098700213e+00 1.038643630270263518e+00 1.036933905865637051e+00 3.429838564486019927e-08 8.887708439988212250e-01 2.184877079640443198e-02 8.347417334983036064e-01 7.308481061562894024e-03
2.450000000000000178e+00 1.274999999999999911e+00 1.054751155486449488e+00 1.063616749915585968e+00 1.062180112204189619e+00 3.765303468806562594e-08 8.888156206885184929e-01 2.175896736212044186e-02 8.438306131332556914e-01 7.971973518392074312e-03
2.450000000000000178e+00 1.300000000000000044e+00 1.081665382639197315e+00 1.090312152872280116e+00 1.089128233920132693e+00 4.098653794599443658e-08 8.889095258971881908e-01 2.166799060510659486e-02 8.519890933585507753e-01 8.636182628848850656e-03
2.450000000000000178e+00 1.325000000000000178e+00 1.110180165558725562e+00 1.118606539718498105e+00 1.117657068607067705e+00 4.429712369949628433e-08 8.890539825120038486e-01 2.157587052268239436e-02 8.595181208804010264e-01 9.299745477425319651e-03
2.450000000000000178e+00 1.350000000000000089e+00 1.140175425099138273e+00 1.148381726910088441e+00 1.147650123616962059e+00 4.758305798967265198e-08 8.890120379099100134e-01 2.148263721662004716e-02 8.663192987171400850e-01 9.961518014199376853e-03
2.450000000000000178e+00 1.375000000000000000e+00 1.171537451385998629e+00 1.179525578654821771e+00 1.178996685183823168e+00 5.084264722416486474e-08 8.888579239762512962e-01 2.138832087338216059e-02 8.726012801791560580e-01 1.062050055269999488e-02
2.450000000000000178e+00 1.399999999999999911e+00 1.204159457879229844e+00 1.211932585047942323e+00 1.211592479411808920e+00 5.407424047422138331e-08 8.887782368769537866e-01 2.129295174459113621e-02 8.785116754799048300e-01 1.127579017881527070e-02
2.450000000000000178e+00 1.425000000000000044e+00 1.237941840313995012e+00 1.245504151217889266e+00 1.245340011674232361e+00 5.727623186011375019e-08 8.887730402755049663e-01 2.119656012774723611e-02 8.837960508982125596e-01 1.192655001413703113e-02
2.450000000000000178e+00 1.450000000000000178e+00 1.272792206135785698e+00 1.280148659609888329e+00 1.280148659609887662e+00 6.044706255223580747e-08 8.888416010429206482e-01 2.109917634721746732e-02 8.887847977848747361e-01 1.225404911127670263e-02
2.450000000000000178e+00 1.475000000000000089e+00 1.308625232830240126e+00 1.315781361283475892e+00 1.315934583485165010e+00 6.358522284508988798e-08 8.889825485143779682e-01 2.100083073550465529e-02 8.934070282421302522e-01 1.234478706862312050e-02
2.450000000000000178e+00 1.500000000000000000e+00 1.345362404707371118e+00 1.352324144094525948e+00 1.352620506570071157e+00 6.668925392647104586e-08 8.889167457280618967e-01 2.090155361482311930e-02 8.977394483677882953e-01 1.244366084309853765e-02
