2.125000000000000000e+00 5.000000000000000000e-01 1.030776406404415146e+00 1.036642960363682642e+00 2.499999999999976685e-01 9.156490753892536763e-08 7.819138346789999972e-01 2.753269839739987124e-02 1.533237696512489978e-01 1.300957054058327067e-02
2.125000000000000000e+00 5.250000000000000222e-01 9.823441352194244303e-01 9.884981675610632346e-01 2.499999999999957812e-01 8.738659545015093516e-08 7.791575653798746837e-01 2.747712302305379065e-02 1.572882963225647468e-01 1.270237837003618774e-02
2.125000000000000000e+00 5.500000000000000444e-01 9.340770846134701655e-01 9.405469830218886607e-01 2.499999999999953371e-01 8.314969867514577197e-08 7.765950759889079791e-01 2.741902606341415499e-02 1.617135265351864470e-01 1.241195384273220161e-02
2.125000000000000000e+00 5.749999999999999556e-01 8.860022573334677132e-01 8.928206019529216775e-01 2.499999999999958367e-01 7.885655601588295969e-08 7.742790426744525778e-01 2.735843367036484841e-02 1.666671040250073954e-01 1.213917450097678000e-02
2.125000000000000000e+00 5.999999999999999778e-01 8.381527307120104631e-01 8.453571004442902437e-01 2.499999999999960865e-01 7.450961610300204544e-08 7.722746589150044638e-01 2.729537300685378615e-02 1.722312176727709421e-01 1.188472740637905659e-02
2.125000000000000000e+00 6.250000000000000000e-01 7.905694150420947697e-01 7.982033746305372546e-01 2.499999999999970579e-01 7.011143403510652225e-08 7.706631579862445180e-01 2.722987222061012264e-02 1.785064959416545194e-01 1.164909293419379502e-02
2.125000000000000000e+00 6.500000000000000222e-01 7.433034373659250793e-01 7.514177448474178567e-01 2.499999999999982514e-01 6.566466782383102979e-08 7.695465008381595640e-01 2.716196041705876141e-02 1.856171524762566527e-01 1.143253451256336962e-02
2.125000000000000000e+00 6.750000000000000444e-01 6.964194138592056937e-01 7.050734906884387199e-01 2.499999999999967248e-01 6.117207425470228168e-08 7.690536593329581061e-01 2.709166763147526774e-02 1.937178311250786211e-01 1.123509555181550872e-02
2.125000000000000000e+00 6.999999999999999556e-01 6.500000000000000222e-01 6.592637008599651072e-01 2.499999999999984457e-01 5.663650446528563388e-08 7.690558297119189923e-01 2.701902480042409072e-02 2.030027577223980084e-01 1.105660446985694961e-02
2.125000000000000000e+00 7.249999999999999778e-01 6.041522986797286388e-01 6.141079931669812808e-01 2.500000000000032196e-01 5.206089905508172175e-08 7.693433501294307808e-01 2.694406373252741793e-02 2.137179985225670098e-01 1.089668824624215673e-02
2.125000000000000000e+00 7.500000000000000000e-01 5.590169943749474513e-01 5.697619040191950202e-01 2.500000000001495470e-01 4.744828280668895293e-08 7.690576243054426664e-01 2.686681707860845078e-02 2.261778145675170104e-01 1.075479437316696242e-02
2.125000000000000000e+00 7.750000000000000222e-01 5.147815070493499956e-01 5.264300782360145092e-01 2.500000000039152570e-01 4.280175913308530150e-08 7.691348254796311901e-01 2.678731830125319693e-02 2.407861602692782932e-01 1.063022047911483040e-02
2.125000000000000000e+00 8.000000000000000444e-01 4.716990566028300691e-01 4.843847925684472422e-01 2.500000000865069127e-01 3.812450408647975407e-08 7.695554432728511918e-01 2.670560164384280788e-02 2.580639421317987292e-01 1.052215035104045633e-02
2.125000000000000000e+00 8.249999999999999556e-01 4.301162633521313783e-01 4.439916973002770995e-01 2.500000016707131234e-01 3.341976006015062902e-08 7.702727752931515237e-01 2.662170209909988511e-02 2.786808021619383569e-01 1.042969463880170575e-02
2.125000000000000000e+00 8.500000000000000888e-01 3.905124837953325434e-01 4.057445344937854470e-01 2.500000281309709971e-01 2.869082920425632114e-08 7.701339464560282844e-01 2.653565537719454470e-02 3.034847281182661005e-01 1.035193423735885493e-02
2.125000000000000000e+00 8.750000000000000000e-01 3.535533905932737864e-01 3.703088268885542655e-01 2.500004090335659068e-01 2.394106668261705307e-08 7.699108947025505856e-01 2.644749787346262898e-02 3.335091341800720532e-01 1.028796422749397518e-02
2.125000000000000000e+00 9.000000000000000222e-01 3.201562118716423377e-01 3.385684971635402052e-01 2.500050344395913227e-01 1.917387336848330314e-08 7.697755220747943827e-01 2.635726663578106393e-02 3.699078877225769890e-01 1.023693630598555664e-02
2.125000000000000000e+00 9.250000000000000444e-01 2.915475947422649927e-01 3.116546602757278572e-01 2.500504101128713241e-01 1.439268877442734274e-08 7.697145430912795128e-01 2.626499933164579137e-02 4.137214319601226764e-01 1.019809782013786012e-02
2.125000000000000000e+00 9.499999999999999556e-01 2.692582403567252425e-01 2.909099985761557372e-01 2.503822142189630062e-01 9.600983469812672976e-09 7.697211559416715643e-01 2.617073421500715202e-02 4.653487800672486685e-01 1.017082579547319912e-02
2.125000000000000000e+00 9.750000000000000888e-01 2.549509756796392579e-01 2.777204120542440258e-01 2.520065131054262109e-01 4.802251869328090590e-09 7.697961264207140442e-01 2.607451009289902394e-02 5.237369600030139516e-01 1.015465466360847627e-02
2.125000000000000000e+00 1.000000000000000000e+00 2.500000000000000000e-01 2.731824065923343925e-01 2.570613579127992709e-01 4.295536777624801853e-12 7.699476644650387058e-01 2.597636629192238630e-02 5.857805423864506089e-01 4.264865906419312879e-05
2.125000000000000000e+00 1.024999999999999911e+00 2.549509756796392024e-01 2.777204120542418053e-01 2.677353918717796377e-01 4.802251864910658261e-09 7.701901233518909651e-01 2.587634262461658424e-02 6.468512610917311889e-01 1.015465466365119904e-02
2.125000000000000000e+00 1.050000000000000044e+00 2.692582403567252425e-01 2.909099985761557372e-01 2.849674273211734166e-01 9.600983505152189517e-09 7.705418300610367144e-01 2.577447935577675472e-02 6.926822690735053856e-01 1.017082579555967856e-02
2.125000000000000000e+00 1.075000000000000178e+00 2.915475947422649372e-01 3.116546602757278572e-01 3.084504780109601496e-01 1.439268879651452590e-08 7.710225249838611461e-01 2.567081716875098743e-02 7.263853647450797535e-01 1.019809782026976502e-02
2.125000000000000000e+00 1.100000000000000089e+00 3.201562118716425598e-01 3.385684971635418705e-01 3.372513758840524623e-01 1.917387338725746747e-08 7.708865579326390494e-01 2.556539713177547607e-02 7.489487013282696282e-01 1.023693630616468592e-02
2.125000000000000000e+00 1.125000000000000000e+00 3.535533905932737864e-01 3.703088268885542655e-01 3.703088268885550427e-01 2.394106670028680886e-08 7.700113564327832893e-01 2.545826066437977681e-02 7.690912373151637116e-01 1.028796422772343400e-02
2.125000000000000000e+00 1.149999999999999911e+00 3.905124837953325434e-01 4.057445344937850029e-01 4.066759603323054084e-01 2.869082921750856189e-08 7.693833896044710574e-01 2.534944950391595370e-02 7.863121055032261664e-01 1.035193423764164088e-02
2.125000000000000000e+00 1.175000000000000044e+00 4.301162633521313783e-01 4.439916973002770995e-01 4.455913826632496022e-01 3.341976007340295579e-08 7.690706602029981909e-01 2.523900567224371394e-02 8.006033997585684236e-01 1.042969463914162134e-02
2.125000000000000000e+00 1.200000000000000178e+00 4.716990566028300691e-01 4.843847925684472422e-01 4.864712961816557435e-01 3.812450408537542163e-08 7.691102369932971694e-01 2.512697144262494853e-02 8.135287133481450272e-01 1.052215035144078020e-02
2.125000000000000000e+00 1.225000000000000089e+00 5.147815070493502176e-01 5.264300782360156195e-01 5.288766678915599595e-01 4.280175915075503743e-08 7.695143363881705723e-01 2.501338930685817821e-02 8.247424782507777330e-01 1.063022047957948128e-02
2.125000000000000000e+00 1.250000000000000000e+00 5.590169943749474513e-01 5.697619040191950202e-01 5.724787551811592046e-01 4.744828282877611127e-08 7.700394833071707579e-01 2.489830194269816721e-02 8.347038691984471903e-01 1.075479437369944273e-02
2.125000000000000000e+00 1.274999999999999911e+00 6.041522986797285277e-01 6.141079931669820580e-01 6.170304617781063872e-01 5.206089906833404190e-08 7.691766038067934241e-01 2.478175218159746687e-02 8.437614175362437852e-01 1.089668824684536866e-02
2.125000000000000000e+00 1.300000000000000044e+00 6.500000000000000222e-01 6.592637008599651072e-01 6.623445552897508914e-01 5.663650447853803344e-08 7.690959475984776583e-01 2.466378297680676610e-02 8.519796715330544279e-01 1.105660447053338769e-02
2.125000000000000000e+00 1.325000000000000178e+00 6.964194138592059158e-01 7.050734906884387199e-01 7.082777160177731179e-01 6.117207424586731776e-08 7.690536593334766913e-01 2.454443737186988092e-02 8.594791206276651829e-01 1.123509555256710195e-02
2.125000000000000000e+00 1.350000000000000089e+00 7.433034373659250793e-01 7.514177448474187448e-01 7.547190246959720739e-01 6.566466784591823445e-08 7.695465008414751340e-01 2.442375846954919494e-02 8.663454999260938871e-01 1.143253451339121957e-02
2.125000000000000000e+00 1.375000000000000000e+00 7.905694150420948807e-01 7.982033746305372546e-01 8.015816762342080626e-01 7.011143405719376662e-08 7.706631579917769814e-01 2.430178940121120734e-02 8.726374892785301318e-01 1.164909293509837872e-02
2.125000000000000000e+00 1.399999999999999911e+00 8.381527307120103520e-01 8.453571004442912429e-01 8.487969934956508533e-01 7.450961611625441853e-08 7.722746589222962976e-01 2.417857329670990152e-02 8.784069288916726004e-01 1.188472740735936443e-02
2.125000000000000000e+00 1.425000000000000044e+00 8.860022573334677132e-01 8.928206019529216775e-01 8.963100717256147210e-01 7.885655602913545190e-08 7.742790426831416273e-01 2.405415325479067293e-02 8.838145526261654839e-01 1.213917450203197759e-02
2.125000000000000000e+00 1.450000000000000178e+00 9.340770846134701655e-01 9.405469830218886607e-01 9.440765809514543028e-01 8.314969869281558070e-08 7.765950759987042540e-01 2.392857231405065566e-02 8.887723567997902752e-01 1.241195384385929655e-02
2.125000000000000000e+00 1.475000000000000089e+00 9.823441352194244303e-01 9.884981675610622354e-01 9.920603953450994883e-01 8.738659546892487780e-08 7.791575653905433718e-01 2.380187342447777701e-02 8.934148698383710396e-01 1.270237837123231600e-02
2.125000000000000000e+00 1.500000000000000000e+00 1.030776406404415146e+00 1.036642960363682642e+00 1.040231817814604387e+00 9.156490757191814796e-08 7.819138346903525827e-01 2.367409941959580655e-02 8.977426239180466006e-01 1.300957054184433657e-02
