1.699999999999999956e+00 5.000000000000000000e-01 1.166190378969060193e+00 1.000000000000000888e+00 5.999999999999976463e-01 1.474265040314398393e-07 5.728351718689413952e-01 3.373505633320427605e-02 3.424065802708706752e-01 2.068587966857596272e-02
1.699999999999999956e+00 5.250000000000000222e-01 1.123610252712211377e+00 9.499999999999975131e-01 5.999999999999985345e-01 1.409786508750097132e-07 5.571996362632805067e-01 3.365255272662060620e-02 3.492454304287686551e-01 1.965199228074027832e-02
1.699999999999999956e+00 5.500000000000000444e-01 1.081665382639196427e+00 8.999999999999994671e-01 5.999999999999995337e-01 1.343987343825357483e-07 5.406678781557596736e-01 3.356636053282711918e-02 3.567065544676397137e-01 1.860806368166257468e-02
1.699999999999999956e+00 5.749999999999999556e-01 1.040432602334240730e+00 8.499999999999994227e-01 5.999999999999964251e-01 1.276912243664178440e-07 5.231645195016788596e-01 3.347652586056032442e-02 3.648442266595863792e-01 1.755666955292665282e-02
1.699999999999999956e+00 5.999999999999999778e-01 9.999999999999997780e-01 7.999999999999953815e-01 6.000000000000000888e-01 1.208609378893659293e-07 5.046070347975288861e-01 3.338309653715416936e-02 3.737179906396557172e-01 1.650034380170170914e-02
1.699999999999999956e+00 6.250000000000000000e-01 9.604686356149272353e-01 7.500000000000002220e-01 5.999999999999975353e-01 1.139130340385715113e-07 4.849055933304561861e-01 3.328612205452258915e-02 3.833926218816424147e-01 1.544154010711636452e-02
1.699999999999999956e+00 6.500000000000000222e-01 9.219544457292878636e-01 6.999999999999990674e-01 5.999999999999969802e-01 1.068530063718904037e-07 4.639632367066321983e-01 3.318565351361406346e-02 3.939377839917646562e-01 1.438259445754003565e-02
1.699999999999999956e+00 6.750000000000000444e-01 8.845903006477067176e-01 6.499999999999992450e-01 5.999999999999990896e-01 9.968667397474054431e-08 4.416765810407948245e-01 3.308174356742668576e-02 4.054272240445205844e-01 1.332569069397025567e-02
1.699999999999999956e+00 6.999999999999999556e-01 8.485281374238571317e-01 6.000000000000009770e-01 6.000000000000006439e-01 9.242017034804062115e-08 4.179373020275622963e-01 3.297444636269633578e-02 4.179373017200451734e-01 1.227283176736956340e-02
1.699999999999999956e+00 7.249999999999999778e-01 8.139410298049853942e-01 5.500000000000007105e-01 6.000000000000015321e-01 8.505993037897849478e-08 3.926347396863514860e-01 3.286381748035453743e-02 4.315445930760240523e-01 1.122582052361914551e-02
1.699999999999999956e+00 7.500000000000000000e-01 7.810249675906655309e-01 4.999999999999971134e-01 6.000000000000622613e-01 7.761267574800838393e-08 3.656600359739322070e-01 3.274991387487004302e-02 4.463222640719625156e-01 1.018625576426995284e-02
1.699999999999999956e+00 7.750000000000000222e-01 7.499999999999997780e-01 4.499999999999980682e-01 6.000000000016305624e-01 7.008539814258970805e-08 3.369122668389190611e-01 3.263279381257459810e-02 4.623348943785896559e-01 9.155553007638803087e-03
1.699999999999999956e+00 8.000000000000000444e-01 7.211102550927976917e-01 3.999999999999997446e-01 6.000000000360412589e-01 6.248534117661699665e-08 3.063070041030657165e-01 3.251251680908477659e-02 4.796314869806966863e-01 8.135006909008325390e-03
1.699999999999999956e+00 8.249999999999999556e-01 6.946221994724903759e-01 3.499999999999984235e-01 6.000000006961305754e-01 5.481998019610695138e-08 2.737875705505640744e-01 3.238914356592544758e-02 4.982365784413347876e-01 7.125928923090408054e-03
1.699999999999999956e+00 8.500000000000000888e-01 6.708203932499368083e-01 2.999999999999983791e-01 6.000000117212362927e-01 4.709700087008913259e-08 2.393388449262953688e-01 3.226273590646872025e-02 5.181397303175401259e-01 6.129933508244173046e-03
1.699999999999999956e+00 8.750000000000000000e-01 6.500000000000000222e-01 2.499999999999963918e-01 6.000001704307689199e-01 3.932427625527332090e-08 2.030027573587940837e-01 3.213335671129127075e-02 5.392842736970048234e-01 5.149550192579011032e-03
1.699999999999999956e+00 9.000000000000000222e-01 6.324555320336758824e-01 1.999999999999975686e-01 6.000020977006150780e-01 3.150984250456300620e-08 1.648935981173507148e-01 3.200106985306164220e-02 5.615569574973731104e-01 4.189643129098961395e-03
1.699999999999999956e+00 9.250000000000000444e-01 6.184658438426491323e-01 1.499999999999991895e-01 6.000210059636392756e-01 2.366187364348946387e-08 1.252101337524810232e-01 3.186594013106895662e-02 5.847809294467573027e-01 3.261136832946538548e-03
1.699999999999999956e+00 9.499999999999999556e-01 6.082762530298218007e-01 9.999999999999720224e-02 6.001593565022469434e-01 1.578865504350256249e-08 8.424073056746916865e-02 3.172803320549298645e-02 6.087148850753447693e-01 2.392479329364337326e-03
1.699999999999999956e+00 9.750000000000000888e-01 6.020797289396148111e-01 4.999999999999633904e-02 6.008388158629169862e-01 7.898557035238542133e-09 4.235786304976668637e-02 3.158741553153164572e-02 6.330607867219405493e-01 1.670288330711119755e-03
1.699999999999999956e+00 1.000000000000000000e+00 6.000000000000000888e-01 8.988727956168438450e-09 6.029764023010937279e-01 7.065883284303976120e-12 3.795794902922144942e-05 3.144415429348144941e-02 6.574809844261938485e-01 1.346832701851130229e-03
1.699999999999999956e+00 1.024999999999999911e+00 6.020797289396148111e-01 4.999999999999699130e-02 6.076036866747376308e-01 7.898557107297982494e-09 4.235786321855705694e-02 3.129831733888405881e-02 6.816230881456729618e-01 1.670288333049477561e-03
1.699999999999999956e+00 1.050000000000000044e+00 6.082762530298221337e-01 9.999999999999720224e-02 6.153912857963170779e-01 1.578865509209435782e-08 8.424073073344712226e-02 3.114997311283438514e-02 7.051484295546001091e-01 2.392479332640171791e-03
1.699999999999999956e+00 1.075000000000000178e+00 6.184658438426491323e-01 1.499999999999991895e-01 6.266112809271700002e-01 2.366187365232436493e-08 1.252101339140090364e-01 3.099919059255507731e-02 7.277585951524561114e-01 3.261136836570111344e-03
1.699999999999999956e+00 1.100000000000000089e+00 6.324555320336759934e-01 1.999999999999998723e-01 6.412787931435763866e-01 3.150984254873736920e-08 1.648935982730981298e-01 3.084603922233134649e-02 7.492150525927607774e-01 4.189643132886529744e-03
1.699999999999999956e+00 1.125000000000000000e+00 6.500000000000000222e-01 2.499999999999963918e-01 6.592637008599649961e-01 3.932427627736057850e-08 2.030027575077875124e-01 3.069058884890919769e-02 7.690558295590524951e-01 5.149550196464073443e-03
1.699999999999999956e+00 1.149999999999999911e+00 6.708203932499368083e-01 2.999999999999966027e-01 6.803567716369134377e-01 4.709700088665446330e-08 2.393388450679152513e-01 3.053290965743899951e-02 7.859915030452814255e-01 6.129933512198991290e-03
1.699999999999999956e+00 1.175000000000000044e+00 6.946221994724903759e-01 3.499999999999984235e-01 7.043093640608160122e-01 5.481998022702901409e-08 2.737875706845070423e-01 3.037307210806935304e-02 8.006980906873680803e-01 7.125928927101832927e-03
1.699999999999999956e+00 1.200000000000000178e+00 7.211102550927974697e-01 3.999999999999997446e-01 7.308586197129077755e-01 6.248534119649561584e-08 3.063070042292891926e-01 3.021114687326618975e-02 8.133214767033053461e-01 8.135006913068542830e-03
1.699999999999999956e+00 1.225000000000000089e+00 7.500000000000000000e-01 4.499999999999992895e-01 7.597437264236359677e-01 7.008539819559914747e-08 3.369122669575762008e-01 3.004720477595144643e-02 8.246788800632565142e-01 9.155553011742074629e-03
1.699999999999999956e+00 1.250000000000000000e+00 7.810249675906655309e-01 4.999999999999971134e-01 7.907160837707570833e-01 7.761267577451309040e-08 3.656600360853139442e-01 2.988131672853382506e-02 8.347252695566238501e-01 1.018625576841099972e-02
1.699999999999999956e+00 1.274999999999999911e+00 8.139410298049851722e-01 5.499999999999993783e-01 8.235451358378025333e-01 8.505993042142729947e-08 3.926347397908349079e-01 2.971355367292260671e-02 8.437613100719032477e-01 1.122582052779327183e-02
1.699999999999999956e+00 1.300000000000000044e+00 8.485281374238572427e-01 6.000000000000009770e-01 8.580211593672879555e-01 9.242017038779735661e-08 4.179373021255720633e-01 2.954398652158381905e-02 8.519726140033534456e-01 1.227283177157037844e-02
1.699999999999999956e+00 1.325000000000000178e+00 8.845903006477063846e-01 6.499999999999992450e-01 8.939559961247283137e-01 9.968667400566248790e-08 4.416765811327731939e-01 2.937268609972188901e-02 8.594666895346639857e-01 1.332569069819094544e-02
1.699999999999999956e+00 1.350000000000000089e+00 9.219544457292884188e-01 6.999999999999985123e-01 9.311824774113952596e-01 1.068530064072299418e-07 4.639632367930189849e-01 2.919972308865102437e-02 8.663213809215741801e-01 1.438259446177341840e-02
1.699999999999999956e+00 1.375000000000000000e+00 9.604686356149273463e-01 7.500000000000002220e-01 9.695530845056592462e-01 1.139130340330500212e-07 4.849055934116765498e-01 2.902516797041561347e-02 8.726086854535393122e-01 1.542822004678284439e-02
1.699999999999999956e+00 1.399999999999999911e+00 1.000000000000000000e+00 7.999999999999990452e-01 1.008938222175798316e+00 1.208609379379581449e-07 5.046070348739842837e-01 2.884909097372777981e-02 8.784072380490974830e-01 1.525674012181410522e-02
1.699999999999999956e+00 1.425000000000000044e+00 1.040432602334240730e+00 8.499999999999994227e-01 1.049224353833232648e+00 1.276912243531655106e-07 5.231645195737428811e-01 2.867156202126859912e-02 8.837825333383304560e-01 1.508940270458932961e-02
1.699999999999999956e+00 1.450000000000000178e+00 1.081665382639196649e+00 8.999999999999994671e-01 1.090312152872278340e+00 1.343987344222925102e-07 5.406678782237771541e-01 2.849265067841470420e-02 8.887673083966036724e-01 1.492604054469503366e-02
1.699999999999999956e+00 1.475000000000000089e+00 1.123610252712211821e+00 9.499999999999977351e-01 1.132114759206094501e+00 1.409786508926792969e-07 5.571996363275673048e-01 2.831242610342878802e-02 8.934118110925813872e-01 1.476648827552095103e-02
1.699999999999999956e+00 1.500000000000000000e+00 1.166190378969060193e+00 1.000000000000000888e+00 1.174556186307777583e+00 1.474265040535270969e-07 5.728351719297846145e-01 2.813095699916676531e-02 8.977363009145137296e-01 1.461058386393624536e-02
