2.399999999999999911e+00 5.000000000000000000e-01 1.280624847486569351e+00 1.287616533043614897e+00 7.999999999999918288e-01 6.986615835158823815e-08 8.784069159783947089e-01 2.437487919409932896e-02 4.314101290182667525e-01 1.252748058654502145e-02
2.399999999999999911e+00 5.250000000000000222e-01 1.241974234837421642e+00 1.249182266991996082e+00 7.999999999999970468e-01 6.662264532791703614e-08 8.784249759172960692e-01 2.433107134937699187e-02 4.384617782141713715e-01 1.241087069478195165e-02
2.399999999999999911e+00 5.500000000000000444e-01 1.204159457879229400e+00 1.211592479411810475e+00 7.999999999999980460e-01 6.334218800591146218e-08 8.784771315564006144e-01 2.428526040394801688e-02 4.460552279807902254e-01 1.230355068206206645e-02
2.399999999999999911e+00 5.749999999999999556e-01 1.167261752992875046e+00 1.174928225964147810e+00 7.999999999999976019e-01 6.002635197606508959e-08 8.785348409897488775e-01 2.423746490244158697e-02 4.542195900573605671e-01 1.220540815000232572e-02
2.399999999999999911e+00 5.999999999999999778e-01 1.131370849898475583e+00 1.139278866725463857e+00 7.999999999999959366e-01 5.667675985356670579e-08 8.784929902362991205e-01 2.418770412053081534e-02 4.629843746911327940e-01 1.211624941328982852e-02
2.399999999999999911e+00 6.250000000000000000e-01 1.096585609973065090e+00 1.104742656082067453e+00 7.999999999999947153e-01 5.329508913584298868e-08 8.784636673845565014e-01 2.413599804800626442e-02 4.723788094413116090e-01 1.150013054478539118e-02
2.399999999999999911e+00 6.500000000000000222e-01 1.063014581273464820e+00 1.071427242591514561e+00 7.999999999999966027e-01 4.988307021471194646e-08 8.784440134739620598e-01 2.408236737130724919e-02 4.824309298570459426e-01 1.081078211438442002e-02
2.399999999999999911e+00 6.750000000000000444e-01 1.030776406404414924e+00 1.039450016194745752e+00 7.999999999999984901e-01 4.644248390482708224e-08 8.784315283019175080e-01 2.402683345554544603e-02 4.931664010931853803e-01 1.011989496698386878e-02
2.399999999999999911e+00 6.999999999999999556e-01 9.999999999999997780e-01 1.008938222175796540e+00 7.999999999999989342e-01 4.297515906930439497e-08 8.784241655518409964e-01 2.396941832603806388e-02 5.046070349244246023e-01 9.428930132167683345e-03
2.399999999999999911e+00 7.249999999999999778e-01 9.708243919473795724e-01 9.800287425209831538e-01 7.999999999999996003e-01 3.948296976108916314e-08 8.784204132262045661e-01 2.391014464938396103e-02 5.167689805816262361e-01 8.739604452437089305e-03
2.399999999999999911e+00 7.500000000000000000e-01 9.433981132056602492e-01 9.528674284323384036e-01 8.000000000000475620e-01 3.596783261059347491e-08 8.784193545211982368e-01 2.384903571410516149e-02 5.296605939028361520e-01 8.054006024924146787e-03
2.399999999999999911e+00 7.750000000000000222e-01 9.178779875342906180e-01 9.276078568917239808e-01 8.000000000012241763e-01 3.243170370146434991e-08 8.784207053231949391e-01 2.378611541088473252e-02 5.432800308034141379e-01 7.374770294188277148e-03
2.399999999999999911e+00 8.000000000000000444e-01 8.944271909999157444e-01 9.044093852715473503e-01 8.000000000270307554e-01 2.887657545739472891e-08 8.784248259172746653e-01 2.372140821242765818e-02 5.576126698530939896e-01 6.705352774807844980e-03
2.399999999999999911e+00 8.249999999999999556e-01 8.732124598286489237e-01 8.834343983382491050e-01 8.000000005220950783e-01 2.530447349414729668e-08 8.784327061467164244e-01 2.365493915296962638e-02 5.726285431042064111e-01 6.050457681144948141e-03
2.399999999999999911e+00 8.500000000000000888e-01 8.544003745317527709e-01 8.648446890437968548e-01 8.000000087909286961e-01 2.171745316567105238e-08 8.784459249874415621e-01 2.358673380746848652e-02 5.882800365487952376e-01 5.416718197331645002e-03
2.399999999999999911e+00 8.750000000000000000e-01 8.381527307120102410e-01 8.487969934956545170e-01 8.000001278230848278e-01 1.811759608757839663e-08 8.784665871297746564e-01 2.351681827050235152e-02 6.045001959299971528e-01 4.813771981838001202e-03
2.399999999999999911e+00 9.000000000000000222e-01 8.246211251235318063e-01 8.354378110710934946e-01 8.000015732766634358e-01 1.450700664405658663e-08 8.784972405322791777e-01 2.344521913490343543e-02 6.212020161733453616e-01 4.255900602398502569e-03
2.399999999999999911e+00 9.250000000000000444e-01 8.139410298049847281e-01 8.248977731617757048e-01 8.000157545933808123e-01 1.088780829820351067e-08 8.785407799062744383e-01 2.337196347015832454e-02 6.382790751886807668e-01 3.764247568944285860e-03
2.399999999999999911e+00 9.499999999999999556e-01 8.062257748298546911e-01 8.172859574024624596e-01 8.001195243194558770e-01 7.262139826162771359e-09 8.786003416337617722e-01 2.329707880060235409e-02 6.556077715880161971e-01 3.368817673508262694e-03
2.399999999999999911e+00 9.750000000000000888e-01 8.015609770940693712e-01 8.126846474292851452e-01 8.006293041399041854e-01 3.632151935575295587e-09 8.786791957025097410e-01 2.322059308343717848e-02 6.730512346708642513e-01 3.107239129476403044e-03
2.399999999999999911e+00 1.000000000000000000e+00 7.999999999999996003e-01 8.111450771392638703e-01 8.022347173564411404e-01 3.248940472372400966e-12 8.787806398997871637e-01 2.314253468659897839e-02 6.904647163396071541e-01 8.944161537727685559e-06
2.399999999999999911e+00 1.024999999999999911e+00 8.015609770940697043e-01 8.126846474292851452e-01 8.057184620329451707e-01 3.632151944410176790e-09 8.787570838160426723e-01 2.306293236650977518e-02 7.077020022144504541e-01 3.107239130203397898e-03
2.399999999999999911e+00 1.050000000000000044e+00 8.062257748298546911e-01 8.172859574024624596e-01 8.116073155375362891e-01 7.262139839415092337e-09 8.786419401973145638e-01 2.298181524573395321e-02 7.246221658616601724e-01 3.368817674848648830e-03
2.399999999999999911e+00 1.075000000000000178e+00 8.139410298049849501e-01 8.248977731617757048e-01 8.201473632129703262e-01 1.088780830262097113e-08 8.785428538997124281e-01 2.289921279057427136e-02 7.410959017646497893e-01 3.764247570741844490e-03
2.399999999999999911e+00 1.100000000000000089e+00 8.246211251235320283e-01 8.354378110710933836e-01 8.314075357703247793e-01 1.450700667387425569e-08 8.784666209359958122e-01 2.281515478863197638e-02 7.570107408511017599e-01 4.255900604514521735e-03
2.399999999999999911e+00 1.125000000000000000e+00 8.381527307120103520e-01 8.487969934956545170e-01 8.453571004442816950e-01 1.811759611408303031e-08 8.784195981691369504e-01 2.272967132635900916e-02 7.722746588117925803e-01 4.813771984171259788e-03
2.399999999999999911e+00 1.149999999999999911e+00 8.544003745317526599e-01 8.648446890437964107e-01 8.619079630170505268e-01 2.171745318334080155e-08 8.784075503562539522e-01 2.264279276662958459e-02 7.868178714072070479e-01 5.416718199812708967e-03
2.399999999999999911e+00 1.175000000000000044e+00 8.732124598286489237e-01 8.834343983382491050e-01 8.809379548547953132e-01 2.530447347206012510e-08 8.784355297661001760e-01 2.255454972635787675e-02 8.005928947677701801e-01 6.050457683727704199e-03
2.399999999999999911e+00 1.200000000000000178e+00 8.944271909999157444e-01 9.044093852715473503e-01 9.023050049781704551e-01 2.887657545739473553e-08 8.785079332353560311e-01 2.246497305418940910e-02 8.133216921147018441e-01 6.705352777460237175e-03
2.399999999999999911e+00 1.225000000000000089e+00 9.178779875342906180e-01 9.276078568917218714e-01 9.258566464847977073e-01 3.243170370809052322e-08 8.786283258104737870e-01 2.237409380828638689e-02 8.249412699484783840e-01 7.374770296888090611e-03
2.399999999999999911e+00 1.250000000000000000e+00 9.433981132056602492e-01 9.528674284323384036e-01 9.514367688573759363e-01 3.596783262826315129e-08 8.787994899125330939e-01 2.228194323424222828e-02 8.346863125248934479e-01 8.054006027655762068e-03
2.399999999999999911e+00 1.274999999999999911e+00 9.708243919473796835e-01 9.800287425209842640e-01 9.788904896678205514e-01 3.948296978372848108e-08 8.787088456450734553e-01 2.218855274313708686e-02 8.437598451085347451e-01 8.739604455188679927e-03
2.399999999999999911e+00 1.300000000000000044e+00 9.999999999999997780e-01 1.008938222175796540e+00 1.008067611781064521e+00 4.297515906930430232e-08 8.785318078058489411e-01 2.209395388977064556e-02 8.520770459762483373e-01 9.428930134929472406e-03
2.399999999999999911e+00 1.325000000000000178e+00 1.030776406404414924e+00 1.039450016194745752e+00 1.038824972267874402e+00 4.644248391807926342e-08 8.784310375151924699e-01 2.199817835108628869e-02 8.594595739688077884e-01 1.011989496974866412e-02
2.399999999999999911e+00 1.350000000000000089e+00 1.063014581273464820e+00 1.071427242591516116e+00 1.071027920382108700e+00 4.988307021029449759e-08 8.784088180159108639e-01 2.190125790481248225e-02 8.663468666088414150e-01 1.081078211714588469e-02
2.399999999999999911e+00 1.375000000000000000e+00 1.096585609973065312e+00 1.104742656082067453e+00 1.104551123160188553e+00 5.329508914909522281e-08 8.784661438440019010e-01 2.180322440834615155e-02 8.726868657022146536e-01 1.150013054753790120e-02
2.399999999999999911e+00 1.399999999999999911e+00 1.131370849898475806e+00 1.139278866725466077e+00 1.139278866725462525e+00 5.667675985147446823e-08 8.786030291316351271e-01 2.170410977789043877e-02 8.784070590134159806e-01 1.211624941362913349e-02
2.399999999999999911e+00 1.425000000000000044e+00 1.167261752992875046e+00 1.174928225964147810e+00 1.175104993043927459e+00 6.002635199152624667e-08 8.787299701207738067e-01 2.160394596788039329e-02 8.838037349457796843e-01 1.220540815037723936e-02
2.399999999999999911e+00 1.450000000000000178e+00 1.204159457879229400e+00 1.211592479411810475e+00 1.211932585047941213e+00 6.334218802358112533e-08 8.785116755314549275e-01 2.150276495070165689e-02 8.887683162755358746e-01 1.230355068247269805e-02
2.399999999999999911e+00 1.475000000000000089e+00 1.241974234837421420e+00 1.249182266991993639e+00 1.249673488561022783e+00 6.662264535000428051e-08 8.784136701519041912e-01 2.140059869673039544e-02 8.934465945097977979e-01 1.241087069522977919e-02
2.399999999999999911e+00 1.500000000000000000e+00 1.280624847486569573e+00 1.287616533043614897e+00 1.288247738128762920e+00 6.986615835600562085e-08 8.784310438321816239e-01 2.129747915470899672e-02 8.977351751829973914e-01 1.252748058703008135e-02
