2.475000000000000089e+00 5.000000000000000000e-01 1.379311422413372235e+00 1.386248111995928900e+00 9.499999999999955147e-01 6.517368626247779972e-08 8.934480552985105684e-01 2.360627980834211631e-02 4.891752006278392573e-01 1.239890783765444475e-02
2.475000000000000089e+00 5.250000000000000222e-01 1.343502884254440310e+00 1.350623496024068171e+00 9.499999999999957367e-01 6.213643683716478977e-08 8.934896867057211534e-01 2.356513394182987303e-02 4.959718081188527750e-01 1.230772093912208855e-02
2.475000000000000089e+00 5.500000000000000444e-01 1.308625232830240126e+00 1.315934583485166787e+00 9.499999999999941824e-01 5.906636821563405360e-08 8.934802374138303138e-01 2.352210310363259810e-02 5.032301073416169945e-01 1.213330033650533886e-02
2.475000000000000089e+00 5.749999999999999556e-01 1.274754878398196345e+00 1.282257317394711382e+00 9.499999999999959588e-01 5.596488904125829282e-08 8.934641041036310849e-01 2.347720422837308585e-02 5.109650478890511716e-01 1.150395474824951816e-02
2.475000000000000089e+00 5.999999999999999778e-01 1.241974234837421420e+00 1.249673488561022783e+00 9.499999999999960698e-01 5.283345602133330608e-08 8.934532103540250292e-01 2.343045492147412950e-02 5.191904870169055108e-01 1.086923450661738191e-02
2.475000000000000089e+00 6.250000000000000000e-01 1.210371843691020244e+00 1.218270835246532346e+00 9.499999999999949596e-01 4.967357229483704265e-08 8.934465199603009999e-01 2.338187344409205573e-02 5.279185935271484276e-01 1.022982086256212300e-02
2.475000000000000089e+00 6.500000000000000222e-01 1.180042372120594596e+00 1.188143016649207517e+00 9.499999999999936273e-01 4.648678557268658463e-08 8.934433197664972681e-01 2.333147869756973039e-02 5.371591402751333399e-01 9.586422116065100932e-03
2.475000000000000089e+00 6.750000000000000444e-01 1.151086443322133945e+00 1.159389420346880417e+00 9.499999999999981792e-01 4.327468597319485611e-08 8.934432426772409563e-01 2.327929020742426636e-02 5.469186835844287442e-01 8.939786888748007393e-03
2.475000000000000089e+00 6.999999999999999556e-01 1.123610252712211377e+00 1.132114759206095833e+00 9.499999999999964029e-01 4.003890407398075881e-08 8.934462796151024788e-01 2.322532810690050922e-02 5.571996363633565652e-01 8.290725275813395218e-03
2.475000000000000089e+00 7.249999999999999778e-01 1.097724920005007432e+00 1.106428410703679699e+00 9.500000000000010658e-01 3.678110836752576770e-08 8.934527798172311464e-01 2.316961312010427237e-02 5.679992537077982462e-01 7.640142331290815901e-03
2.475000000000000089e+00 7.500000000000000000e-01 1.073545527679194311e+00 1.082443452570281517e+00 9.500000000000405898e-01 3.350300325013508605e-08 8.934634394561609128e-01 2.311216654474902710e-02 5.793085653953653491e-01 6.989091521467515229e-03
2.475000000000000089e+00 7.750000000000000222e-01 1.051189802081431868e+00 1.060275354807553416e+00 9.500000000010290213e-01 3.020632600524272762e-08 8.934792791619765584e-01 2.305301023453067838e-02 5.911113084471179002e-01 6.338861756015878694e-03
2.475000000000000089e+00 8.000000000000000444e-01 1.030776406404414924e+00 1.040040301148122737e+00 9.500000000227630803e-01 2.689284453850863876e-08 8.935016115701803763e-01 2.299216658115932344e-02 6.033829334235529807e-01 5.691123302559880116e-03
2.475000000000000089e+00 8.249999999999999556e-01 1.012422836565829654e+00 1.021853134267483032e+00 9.500000004396584874e-01 2.356435447639050569e-08 8.935320004803815053e-01 2.292965849607403808e-02 6.160897776784002300e-01 5.048181842104534217e-03
2.475000000000000089e+00 8.500000000000000888e-01 9.962429422585636907e-01 1.005824948990766021e+00 9.500000074028855934e-01 2.022267642098320764e-08 8.935722135536926514e-01 2.286550939186098724e-02 6.291885134712901229e-01 4.413441347614033630e-03
2.475000000000000089e+00 8.750000000000000000e-01 9.823441352194252074e-01 9.920603953450987111e-01 9.500001076404931410e-01 1.686965293939702609e-08 8.936241706824028519e-01 2.279974316340466906e-02 6.426259837166450328e-01 3.792291971900837305e-03
2.475000000000000089e+00 9.000000000000000222e-01 9.708243919473801276e-01 9.806547955383067006e-01 9.500013248649379349e-01 1.350714558488671690e-08 8.936458893357394073e-01 2.273238416879128782e-02 6.563395281828297012e-01 3.193906313642318542e-03
2.475000000000000089e+00 9.250000000000000444e-01 9.617692030835672812e-01 9.716912205079724085e-01 9.500132670639973576e-01 1.013703187201160146e-08 8.935889675186445835e-01 2.266345720999764224e-02 6.702578744181760806e-01 2.635027059150609613e-03
2.475000000000000089e+00 9.499999999999999556e-01 9.552486587271402652e-01 9.652377054447662807e-01 9.501006542452168357e-01 6.761202242960408512e-09 8.935338118644530203e-01 2.259298751338346609e-02 6.843026198703329177e-01 2.147831637456557377e-03
2.475000000000000089e+00 9.750000000000000888e-01 9.513148795220225384e-01 9.613448018334915801e-01 9.505300009192532151e-01 3.381556959884570417e-09 8.934841612255872700e-01 2.252100071001457426e-02 6.983902683984983817e-01 1.792699443764431480e-03
2.475000000000000089e+00 1.000000000000000000e+00 9.500000000000001776e-01 9.600436594302741433e-01 9.518826302291523156e-01 3.024663879880854302e-12 8.934438501938105626e-01 2.244752281584645390e-02 7.124347144499036943e-01 6.871045515680498631e-06
2.475000000000000089e+00 1.024999999999999911e+00 9.513148795220222054e-01 9.613448018334890266e-01 9.548205276703751743e-01 3.381556944423543200e-09 8.934167077991279626e-01 2.237258021178493289e-02 7.263500041779420435e-01 1.792699444805676695e-03
2.475000000000000089e+00 1.050000000000000044e+00 9.552486587271402652e-01 9.652377054447662807e-01 9.597949961497242999e-01 6.761202216455793026e-09 8.934064648650636986e-01 2.229619962365643471e-02 7.400531582188709656e-01 2.147831639193228948e-03
2.475000000000000089e+00 1.075000000000000178e+00 9.617692030835667261e-01 9.716912205079724085e-01 9.670272474885022174e-01 1.013703189078571119e-08 8.934166350756311825e-01 2.221840810210839665e-02 7.534668262547533635e-01 2.635027061271638660e-03
2.475000000000000089e+00 1.100000000000000089e+00 9.708243919473803496e-01 9.806547955383054793e-01 9.765953566015375120e-01 1.350714560476518390e-08 8.934505570778378258e-01 2.213923300246732617e-02 7.665215630222355081e-01 3.193906315971689613e-03
2.475000000000000089e+00 1.125000000000000000e+00 9.823441352194252074e-01 9.920603953450987111e-01 9.884981675610620133e-01 1.686965293939702278e-08 8.935112339947224314e-01 2.205870196457380972e-02 7.791575653066031837e-01 3.792291974348096714e-03
2.475000000000000089e+00 1.149999999999999911e+00 9.962429422585636907e-01 1.005824948990762691e+00 1.002689052853477980e+00 2.022267644527909042e-08 8.936013255346823003e-01 2.197684289262392260e-02 7.913257790720914508e-01 4.413441350130465138e-03
2.475000000000000089e+00 1.175000000000000044e+00 1.012422836565829432e+00 1.021853134267483032e+00 1.019093558170078406e+00 2.356435449295590257e-08 8.937231223351570497e-01 2.189368393503876228e-02 8.029883610357905210e-01 5.048181844662677151e-03
2.475000000000000089e+00 1.200000000000000178e+00 1.030776406404415368e+00 1.040040301148122737e+00 1.037619545887919159e+00 2.689284454292611080e-08 8.936300555806043766e-01 2.180925346438048612e-02 8.141185460419234632e-01 5.691123305142677807e-03
2.475000000000000089e+00 1.225000000000000089e+00 1.051189802081431868e+00 1.060275354807548753e+00 1.058163753792424000e+00 3.020632600814179052e-08 8.935137649388177339e-01 2.172358005734793818e-02 8.247000207864251253e-01 6.338861758613433678e-03
2.475000000000000089e+00 1.250000000000000000e+00 1.073545527679194533e+00 1.082443452570281517e+00 1.080616456072073905e+00 3.350300327332662977e-08 8.934384362422834736e-01 2.163669247486196129e-02 8.347066263188100965e-01 6.989091524070924037e-03
2.475000000000000089e+00 1.274999999999999911e+00 1.097724920005007210e+00 1.106428410703682363e+00 1.104864964944630934e+00 3.678110841611759943e-08 8.934071988440537293e-01 2.154861964227246934e-02 8.438489951130166977e-01 7.640142333894834464e-03
2.475000000000000089e+00 1.300000000000000044e+00 1.123610252712211599e+00 1.132114759206095833e+00 1.130796316726387474e+00 4.003890406514586768e-08 8.934224271455097899e-01 2.145939062970135883e-02 8.520016831418395498e-01 8.290725278413530602e-03
2.475000000000000089e+00 1.325000000000000178e+00 1.151086443322133501e+00 1.159389420346880417e+00 1.158299323580634699e+00 4.327468599749073227e-08 8.934859135498363081e-01 2.136903463254609392e-02 8.594582682046798539e-01 8.939786891340038150e-03
2.475000000000000089e+00 1.350000000000000089e+00 1.180042372120594152e+00 1.188143016649203521e+00 1.187266105908035829e+00 4.648678556826912913e-08 8.935987984048877619e-01 2.127758095216211037e-02 8.663972826908616920e-01 9.586422118645663432e-03
2.475000000000000089e+00 1.375000000000000000e+00 1.210371843691020466e+00 1.218270835246532346e+00 1.217593193014170350e+00 4.967357231250681167e-08 8.937019582613798807e-01 2.118505897674415051e-02 8.726026507095220319e-01 1.022982086512836536e-02
2.475000000000000089e+00 1.399999999999999911e+00 1.241974234837422086e+00 1.249673488561020118e+00 1.249182266991992085e+00 5.283345601249852083e-08 8.935317471141438483e-01 2.109149816242426867e-02 8.784136701023135263e-01 1.086923450916600642e-02
2.475000000000000089e+00 1.425000000000000044e+00 1.274754878398196345e+00 1.282257317394711382e+00 1.281940616673322042e+00 5.596488905009307145e-08 8.934335300200801910e-01 2.099692801460772973e-02 8.838924402472980724e-01 1.150395475077803722e-02
2.475000000000000089e+00 1.450000000000000178e+00 1.308625232830240126e+00 1.315934583485166787e+00 1.315781361283468343e+00 5.906636823772132444e-08 8.934070325885400399e-01 2.090137806956011979e-02 8.887707925677857945e-01 1.213330033901107580e-02
2.475000000000000089e+00 1.475000000000000089e+00 1.343502884254440310e+00 1.350623496024067727e+00 1.350623496024063730e+00 6.213643688133919909e-08 8.934512369833473855e-01 2.080487787626335988e-02 8.934385146324295146e-01 1.230772093947136298e-02
2.475000000000000089e+00 1.500000000000000000e+00 1.379311422413372235e+00 1.386248111995928900e+00 1.386391804214767598e+00 6.517368630444341182e-08 8.935646489802488990e-01 2.070745697856216441e-02 8.977356042579974771e-01 1.239890783803432317e-02
