2.299999999999999822e+00 5.000000000000000000e-01 1.166190378969059971e+00 1.173115642177696705e+00 5.999999999999948708e-01 7.686055657777016635e-08 8.520196880717640919e-01 2.545836951240543211e-02 3.424065807515921378e-01 1.267921047892306072e-02
2.299999999999999822e+00 5.250000000000000222e-01 1.123610252712211155e+00 1.130796316726395911e+00 5.999999999999994227e-01 7.331233795180522506e-08 8.519734708664206124e-01 2.541067411763318212e-02 3.492454309127025480e-01 1.251506547438595122e-02
2.299999999999999822e+00 5.500000000000000444e-01 1.081665382639196427e+00 1.089128233920133138e+00 5.999999999999965361e-01 6.972065335976716398e-08 8.520750404810704115e-01 2.536080368337351870e-02 3.567065549545613279e-01 1.236289130653551137e-02
2.299999999999999822e+00 5.749999999999999556e-01 1.040432602334240508e+00 1.048189062107589553e+00 5.999999999999965361e-01 6.608731000607780649e-08 8.520062868237240350e-01 2.530877918168789736e-02 3.648442271491398325e-01 1.222273465169537721e-02
2.299999999999999822e+00 5.999999999999999778e-01 9.999999999999995559e-01 1.008067611781067185e+00 5.999999999999980904e-01 6.241418681887649209e-08 8.519709771728158909e-01 2.525462240582352844e-02 3.737179911313212033e-01 1.209452007716725966e-02
2.299999999999999822e+00 6.250000000000000000e-01 9.604686356149270132e-01 9.688654756579910821e-01 5.999999999999992006e-01 5.870323222363075432e-08 8.520054008310857796e-01 2.519835595039379705e-02 3.833926223746954021e-01 1.197805403622958891e-02
2.299999999999999822e+00 6.500000000000000222e-01 9.219544457292871975e-01 9.306988287958603001e-01 5.999999999999985345e-01 5.495646141978698486e-08 8.521000420412231380e-01 2.514000319093662519e-02 3.939377844852280930e-01 1.187303223409351058e-02
2.299999999999999822e+00 6.750000000000000444e-01 8.845903006477062736e-01 8.937003468288392538e-01 5.999999999999983125e-01 5.117595348293074874e-08 8.522435201800155902e-01 2.507958826288416918e-02 4.054272245371066674e-01 1.177905021643049603e-02
2.299999999999999822e+00 6.999999999999999556e-01 8.485281374238567986e-01 8.580211593672870674e-01 5.999999999999958700e-01 4.736384838246628345e-08 8.522151102810567869e-01 2.501713603997134105e-02 4.179373022100943968e-01 1.149469670861160905e-02
2.299999999999999822e+00 7.249999999999999778e-01 8.139410298049850612e-01 8.238326953465584523e-01 6.000000000000007550e-01 4.352234373755928343e-08 8.521555910238725051e-01 2.495267211211933678e-02 4.315445935614352080e-01 1.076276869018203894e-02
2.299999999999999822e+00 7.500000000000000000e-01 7.810249675906649758e-01 7.913281935594002059e-01 6.000000000000617062e-01 3.965369103029007986e-08 8.521146808914064064e-01 2.488622276282421303e-02 4.463222645501280228e-01 1.004232752332147316e-02
2.299999999999999822e+00 7.750000000000000222e-01 7.499999999999995559e-01 7.607235436884974833e-01 6.000000000016311175e-01 3.576019214107168855e-08 8.520885548075054494e-01 2.481781494608350375e-02 4.623348948463384955e-01 9.337881286243817844e-03
2.299999999999999822e+00 8.000000000000000444e-01 7.211102550927974697e-01 7.322569971819892221e-01 6.000000000360411478e-01 3.184419526300281336e-08 8.520743458628402545e-01 2.474747626289665325e-02 4.796314874342648693e-01 8.655061184554314890e-03
2.299999999999999822e+00 8.249999999999999556e-01 6.946221994724899318e-01 7.061871635211030007e-01 6.000000006961294652e-01 2.790809096883128863e-08 8.520703073293431906e-01 2.467523493737045978e-02 4.982365788763792880e-01 8.000998747311544729e-03
2.299999999999999822e+00 8.500000000000000888e-01 6.708203932499365862e-01 6.827886275575985042e-01 6.000000117212371809e-01 2.395430774257759781e-08 8.520759135275075558e-01 2.460111979246747127e-02 5.181397307292239240e-01 7.384791157018268104e-03
2.299999999999999822e+00 8.750000000000000000e-01 6.499999999999996891e-01 6.623445552897557764e-01 6.000001704307672545e-01 1.998530771275544642e-08 8.520918904965268936e-01 2.452516022542514107e-02 5.392842740801772061e-01 6.818011195165359258e-03
2.299999999999999822e+00 9.000000000000000222e-01 6.324555320336754383e-01 6.451358848506152377e-01 6.000020977006146339e-01 1.600358210837451188e-08 8.521201736724519638e-01 2.444738618288773771e-02 5.615569578468572187e-01 6.315118571917669246e-03
2.299999999999999822e+00 9.250000000000000444e-01 6.184658438426484661e-01 6.314272008093918531e-01 6.000210059636386095e-01 1.201164653402200156e-08 8.521637964257540165e-01 2.436782813578011742e-02 5.847809297577415411e-01 5.893448522654934005e-03
2.299999999999999822e+00 9.499999999999999556e-01 6.082762530298213566e-01 6.214501668854748306e-01 6.001593565022433907e-01 8.012036276805649690e-09 8.522267194179856675e-01 2.428651705396159266e-02 6.087148853438425489e-01 5.572231787218896379e-03
2.299999999999999822e+00 9.750000000000000888e-01 6.020797289396143670e-01 6.153863095015859042e-01 6.008388158629177633e-01 4.007301757263023124e-09 8.523136154867961833e-01 2.420348438069119812e-02 6.330607869452389291e-01 5.370073226929669014e-03
2.299999999999999822e+00 1.000000000000000000e+00 5.999999999999995337e-01 6.133517016540991351e-01 6.029764023010939500e-01 3.584351498538385819e-12 8.524296276031716468e-01 2.411876200693944400e-02 6.574809846032020344e-01 1.360745887999201552e-05
2.299999999999999822e+00 1.024999999999999911e+00 6.020797289396143670e-01 6.153863095015885687e-01 6.076036866747404064e-01 4.007301774932767332e-09 8.525801181605427992e-01 2.403238224558335370e-02 6.816230882770831778e-01 5.370073227479219002e-03
2.299999999999999822e+00 1.050000000000000044e+00 6.082762530298216896e-01 6.214501668854748306e-01 6.153912857963164118e-01 8.012036284812250131e-09 8.525901812590108708e-01 2.394437780551686087e-02 7.051484296428105480e-01 5.572231788277221681e-03
2.299999999999999822e+00 1.075000000000000178e+00 6.184658438426486882e-01 6.314272008093918531e-01 6.266112809271684458e-01 1.201164651532530766e-08 8.523916132364888210e-01 2.385478176570628855e-02 7.277585952012779469e-01 5.893448524153854784e-03
2.299999999999999822e+00 1.100000000000000089e+00 6.324555320336755493e-01 6.451358848506119070e-01 6.412787931435797173e-01 1.600358211279197399e-08 8.522171857013749463e-01 2.376362754923187076e-02 7.492150526069794036e-01 6.315118573779070037e-03
2.299999999999999822e+00 1.125000000000000000e+00 6.499999999999996891e-01 6.623445552897557764e-01 6.592637008599647741e-01 1.998530771346510121e-08 8.520808619659756555e-01 2.367094889734077875e-02 7.690959474518709316e-01 6.818011197315410228e-03
2.299999999999999822e+00 1.149999999999999911e+00 6.708203932499364752e-01 6.827886275575929531e-01 6.803567716369134377e-01 2.395430775582991465e-08 8.519953560087526467e-01 2.357677984354824424e-02 7.864212499107223753e-01 7.384791159392730710e-03
2.299999999999999822e+00 1.175000000000000044e+00 6.946221994724899318e-01 7.061871635211030007e-01 7.043093640608160122e-01 2.790809098650097494e-08 8.519717483557334159e-01 2.348115468781616921e-02 8.006550123867008928e-01 8.000998749859346976e-03
2.299999999999999822e+00 1.200000000000000178e+00 7.211102550927974697e-01 7.322569971819892221e-01 7.308586197129085527e-01 3.184419530717716975e-08 8.520192195446603112e-01 2.338410797084128356e-02 8.133279457888492603e-01 8.655061187233364581e-03
2.299999999999999822e+00 1.225000000000000089e+00 7.499999999999995559e-01 7.607235436884960400e-01 7.597437264236382992e-01 3.576019213465268759e-08 8.521451784893792070e-01 2.328567444848188978e-02 8.248501553177792767e-01 9.337881289022520459e-03
2.299999999999999822e+00 1.250000000000000000e+00 7.810249675906650868e-01 7.913281935594002059e-01 7.907160837707618573e-01 3.965369106121222198e-08 8.523550155980638143e-01 2.318588906635548827e-02 8.346875853062205586e-01 1.004232752617464225e-02
2.299999999999999822e+00 1.274999999999999911e+00 8.139410298049849501e-01 8.238326953465641145e-01 8.235451358378015341e-01 4.352234377731615786e-08 8.526338200744641993e-01 2.308478693463111853e-02 8.437692007626617086e-01 1.076276869308942508e-02
2.299999999999999822e+00 1.300000000000000044e+00 8.485281374238567986e-01 8.580211593672870674e-01 8.580211593672862902e-01 4.736384842498409485e-08 8.522641466952339817e-01 2.298240330305119372e-02 8.521995805554860581e-01 1.149469671155719727e-02
2.299999999999999822e+00 1.325000000000000178e+00 8.845903006477061625e-01 8.937003468288392538e-01 8.939559961247274256e-01 5.117595349397444372e-08 8.520429378748827220e-01 2.287877353620330206e-02 8.594636512467935807e-01 1.177905021678496075e-02
2.299999999999999822e+00 1.350000000000000089e+00 9.219544457292880857e-01 9.306988287958588568e-01 9.311824774114001446e-01 5.495646142641313831e-08 8.519709849945741320e-01 2.277393308907334907e-02 8.663754959529682553e-01 1.187303223449139716e-02
2.299999999999999822e+00 1.375000000000000000e+00 9.604686356149270132e-01 9.688654756579910821e-01 9.695530845056604674e-01 5.870323223688310095e-08 8.520461327050470324e-01 2.266791748290156172e-02 8.726035554018752860e-01 1.197805403667250544e-02
2.299999999999999822e+00 1.399999999999999911e+00 9.999999999999995559e-01 1.008067611781066297e+00 1.008938222175797872e+00 6.241418683806472650e-08 8.522642927251411482e-01 2.256076228136959239e-02 8.784355732556045071e-01 1.209452007765660780e-02
2.299999999999999822e+00 1.425000000000000044e+00 1.040432602334240286e+00 1.048189062107589553e+00 1.049224353833234424e+00 6.608731000607771385e-08 8.521965261641950562e-01 2.245250306713755806e-02 8.837819082025117901e-01 1.222273465223185432e-02
2.299999999999999822e+00 1.450000000000000178e+00 1.081665382639196427e+00 1.089128233920133138e+00 1.090312152872280116e+00 6.972065336860192938e-08 8.519920223355933464e-01 2.234317541875799340e-02 8.888123800267245800e-01 1.236289130711975930e-02
2.299999999999999822e+00 1.475000000000000089e+00 1.123610252712211599e+00 1.130796316726394579e+00 1.132114759206087395e+00 7.331233793634426649e-08 8.520017142368521146e-01 2.223281488798533809e-02 8.934224271064863387e-01 1.251506547501854416e-02
2.299999999999999822e+00 1.500000000000000000e+00 1.166190378969059971e+00 1.173115642177696705e+00 1.174556186307779582e+00 7.686055657556131618e-08 8.520953192447366931e-01 2.212145697750228859e-02 8.977353694366083658e-01 1.267921047960346263e-02
