1.800000000000000044e+00 5.000000000000000000e-01 1.077032961426900748e+00 1.000000000021625812e+00 3.999999999999989120e-01 1.308236609993287745e-07 6.168591970850014761e-01 3.210365510705055769e-02 2.391942351921213517e-01 1.681345935387379767e-02
1.800000000000000044e+00 5.250000000000000222e-01 1.030776406404414480e+00 9.500000000227637464e-01 3.999999999999972466e-01 1.250303012499692515e-07 6.033829333651511417e-01 3.202871726015373705e-02 2.448401959826757568e-01 1.595139068181365694e-02
1.800000000000000044e+00 5.500000000000000444e-01 9.848857801796103706e-01 9.000000000240286901e-01 3.999999999999969136e-01 1.191292361112856668e-07 5.890791363710916606e-01 3.195041625269331997e-02 2.510859610128279851e-01 1.508955535103636073e-02
1.800000000000000044e+00 5.749999999999999556e-01 9.394147114027965317e-01 8.500000000254419597e-01 3.999999999999950817e-01 1.131243028575862214e-07 5.738573732787626280e-01 3.186879226676465893e-02 2.580054075149293968e-01 1.423038478703014115e-02
1.800000000000000044e+00 5.999999999999999778e-01 8.944271909999157444e-01 8.000000000270276468e-01 3.999999999999970246e-01 1.070195992673104585e-07 5.576126697768719609e-01 3.178388699630324554e-02 2.656849525938762002e-01 1.337629473263437715e-02
1.800000000000000044e+00 6.250000000000000000e-01 8.499999999999998668e-01 7.500000000288349344e-01 3.999999999999984679e-01 1.008194782472151000e-07 5.402227868366934471e-01 3.169574360169897381e-02 2.742258205091853696e-01 1.252967295952579947e-02
1.800000000000000044e+00 6.500000000000000222e-01 8.062257748298545801e-01 7.000000000308936876e-01 3.999999999999986899e-01 9.452854157707837366e-08 5.215450556637180046e-01 3.160440666309812657e-02 2.837466392946565441e-01 1.169287513498475962e-02
1.800000000000000044e+00 6.750000000000000444e-01 7.632168761236873822e-01 6.500000000332690764e-01 3.999999999999969136e-01 8.815163220358218112e-08 5.014128003792048816e-01 3.150992213247662266e-02 2.943863124955708455e-01 1.086823342063581062e-02
1.800000000000000044e+00 6.999999999999999556e-01 7.211102550927979138e-01 6.000000000360439234e-01 3.999999999999978573e-01 8.169382505511560402e-08 4.796314873128484924e-01 3.141233728456270524e-02 3.063070037441474880e-01 1.005808442225582071e-02
1.800000000000000044e+00 7.249999999999999778e-01 6.800735254367720195e-01 5.500000000393214794e-01 4.000000000000010214e-01 7.516041702302772550e-08 4.559749483785479063e-01 3.131170066669877738e-02 3.196968735887388280e-01 9.264826262415317218e-03
1.800000000000000044e+00 7.500000000000000000e-01 6.403124237432847865e-01 5.000000000432514025e-01 4.000000000000955569e-01 6.855691521124496704e-08 4.301824019080420225e-01 3.120806204772967607e-02 3.347718619132926676e-01 8.490968413066750722e-03
1.800000000000000044e+00 7.750000000000000222e-01 6.020797289396147001e-01 4.500000000480586237e-01 4.000000000024441782e-01 6.188902434878419951e-08 4.019576360105063806e-01 3.110147236600127249e-02 3.517752365163208106e-01 7.739116370283938805e-03
1.800000000000000044e+00 8.000000000000000444e-01 5.656854249492377917e-01 4.000000000540649969e-01 4.000000000540617773e-01 5.516263290795627259e-08 3.709727449676002986e-01 3.099198367655871256e-02 3.709727445389444100e-01 7.013053217607112880e-03
1.800000000000000044e+00 8.249999999999999556e-01 5.315072906367325212e-01 3.500000000617898843e-01 4.000000010441945308e-01 4.838379812925524265e-08 3.368802936329595155e-01 3.087964909763614083e-02 3.926399832993389127e-01 6.317283017746849923e-03
1.800000000000000044e+00 8.500000000000000888e-01 4.999999999999998890e-01 3.000000000720875470e-01 4.000000175818569925e-01 4.155872997060007707e-08 2.993395757729808704e-01 3.076452275652327706e-02 4.170372581234479403e-01 5.657986928302393553e-03
1.800000000000000044e+00 8.750000000000000000e-01 4.716990566028300691e-01 2.500000000865070238e-01 4.000002556461036418e-01 3.469377438291853545e-08 2.580639417678826653e-01 3.064665973490007800e-02 4.443665078833529680e-01 5.044012262196599997e-03
1.800000000000000044e+00 9.000000000000000222e-01 4.472135954999578722e-01 2.000000001081345680e-01 4.000031465440510026e-01 2.779539521853346998e-08 2.128949479598700179e-01 3.052611601372706360e-02 4.747067038869950406e-01 4.488266372305996232e-03
1.800000000000000044e+00 9.250000000000000444e-01 4.272001872658764965e-01 1.500000001441792463e-01 4.000315082560594870e-01 2.087015608874834461e-08 1.639017021429317600e-01 3.040294841778248824e-02 5.079314201280191732e-01 4.009366753131581723e-03
1.800000000000000044e+00 9.499999999999999556e-01 4.123105625617659586e-01 1.000000002162691193e-01 4.002389950981703470e-01 1.392470105523091693e-08 1.114868092718545589e-01 3.027721455993328398e-02 5.436272117129792303e-01 3.632663378356655419e-03
1.800000000000000044e+00 9.750000000000000888e-01 4.031128874149274011e-01 5.000000043253585713e-02 4.012571278464127089e-01 6.965735542266787928e-09 5.645661647028182850e-02 3.014897278522795862e-02 5.810500964633200649e-01 3.388276539925439389e-03
1.800000000000000044e+00 1.000000000000000000e+00 3.999999999999999112e-01 6.576757376459261940e-06 4.044509138720944197e-01 6.231214626248641964e-12 5.071673011863842007e-05 3.001828211489769582e-02 6.191642712748358646e-01 3.303090500853669148e-03
1.800000000000000044e+00 1.024999999999999911e+00 4.031128874149273456e-01 5.000000043253444160e-02 4.113176875126262066e-01 6.965735577606254012e-09 5.645661669415436013e-02 2.988520219035196990e-02 6.567820003803623852e-01 3.388276540598814807e-03
1.800000000000000044e+00 1.050000000000000044e+00 4.123105625617659586e-01 1.000000002162691193e-01 4.227368385107279636e-01 1.392470107952683610e-08 1.114868094874209015e-01 2.974979321725298650e-02 6.927682902112050067e-01 3.632663379619244411e-03
1.800000000000000044e+00 1.075000000000000178e+00 4.272001872658764965e-01 1.500000001441792463e-01 4.389096688217175579e-01 2.087015609758326551e-08 1.639017023461460387e-01 2.961211590975359326e-02 7.244439373807332050e-01 4.009366754861796653e-03
1.800000000000000044e+00 1.100000000000000089e+00 4.472135954999579277e-01 2.000000001081331802e-01 4.596068869541516388e-01 2.779539524503803749e-08 2.128949481483383699e-01 2.947223143497689976e-02 7.490712779180448422e-01 4.488266374389681020e-03
1.800000000000000044e+00 1.125000000000000000e+00 4.716990566028301246e-01 2.500000000865070238e-01 4.843847925684454103e-01 3.469377440942318899e-08 2.580639419407272928e-01 2.933020135781892745e-02 7.690785523882858188e-01 5.044012264546217893e-03
1.800000000000000044e+00 1.149999999999999911e+00 4.999999999999997780e-01 3.000000000720899340e-01 5.127234505190947367e-01 4.155873003023551113e-08 2.993395759304530168e-01 2.918608758615496082e-02 7.860174402850372832e-01 5.657986930856145034e-03
1.800000000000000044e+00 1.175000000000000044e+00 5.315072906367325212e-01 3.500000000617898843e-01 5.441063134202299700e-01 4.838379814250754957e-08 3.368802937760084215e-01 2.903995231651915199e-02 8.006458581068618408e-01 6.317283020461789307e-03
1.800000000000000044e+00 1.200000000000000178e+00 5.656854249492377917e-01 4.000000000540649969e-01 5.780608289865841742e-01 5.516263292562613426e-08 3.709727450975207619e-01 2.889185798033649943e-02 8.133820940581553138e-01 7.013053220454174876e-03
1.800000000000000044e+00 1.225000000000000089e+00 6.020797289396147001e-01 4.500000000480575135e-01 6.141746737208213514e-01 6.188902436866268635e-08 4.019576361286983923e-01 2.874186719077575364e-02 8.246755713033523394e-01 7.739116373242328414e-03
1.800000000000000044e+00 1.250000000000000000e+00 6.403124237432847865e-01 5.000000000432514025e-01 6.520980947171745035e-01 6.855691521566256149e-08 4.301824020158676043e-01 2.859004269029078935e-02 8.346837175015018317e-01 8.490968416120835485e-03
1.800000000000000044e+00 1.274999999999999911e+00 6.800735254367715754e-01 5.500000000393208133e-01 6.915392908303228392e-01 7.516041705836723708e-08 4.559749484772598893e-01 2.843644729891960446e-02 8.437608995628673725e-01 9.264826265551417972e-03
1.800000000000000044e+00 1.300000000000000044e+00 7.211102550927979138e-01 6.000000000360439234e-01 7.322569971819903323e-01 8.169382507830704848e-08 4.796314874035625397e-01 2.828114386340137287e-02 8.520743457971453605e-01 1.005808442546427331e-02
1.800000000000000044e+00 1.325000000000000178e+00 7.632168761236870491e-01 6.500000000332690764e-01 7.740525324597495871e-01 8.815163223008672878e-08 5.014128004628926050e-01 2.812419520717271415e-02 8.594601301775682822e-01 1.086823342390700817e-02
1.800000000000000044e+00 1.350000000000000089e+00 8.062257748298549132e-01 7.000000000308950199e-01 8.167623927667324590e-01 9.452854159971771146e-08 5.215450557412182331e-01 2.796566408130311127e-02 8.663286398347624928e-01 1.169287513830898941e-02
1.800000000000000044e+00 1.375000000000000000e+00 8.499999999999999778e-01 7.500000000288349344e-01 8.602518141070294444e-01 1.008194782648851602e-07 5.402227869087262713e-01 2.780561311641916583e-02 8.726316562459148773e-01 1.252967296289422480e-02
1.800000000000000044e+00 1.399999999999999911e+00 8.944271909999157444e-01 8.000000000270315326e-01 9.044093852715486825e-01 1.070195992805628184e-07 5.576126698440534435e-01 2.764410477567531485e-02 8.784099134687661792e-01 1.337629473603712399e-02
1.800000000000000044e+00 1.425000000000000044e+00 9.394147114027968648e-01 8.500000000254419597e-01 9.491426366341237930e-01 1.131243028871625738e-07 5.738573733416201250e-01 2.748120130881410300e-02 8.837812332271145488e-01 1.423038479045821147e-02
1.800000000000000044e+00 1.450000000000000178e+00 9.848857801796103706e-01 9.000000000240286901e-01 9.943744720682394789e-01 1.191292361422079016e-07 5.890791364300779209e-01 2.731696470736562354e-02 8.887662141164666130e-01 1.466243166132297562e-02
1.800000000000000044e+00 1.475000000000000089e+00 1.030776406404414924e+00 9.500000000227659669e-01 1.040040301148117852e+00 1.250303012897261458e-07 6.033829334206556316e-01 2.715145666102476013e-02 8.934067351471250973e-01 1.449970705093251919e-02
1.800000000000000044e+00 1.500000000000000000e+00 1.077032961426900748e+00 1.000000000021625812e+00 1.086085740074822281e+00 1.308236609960161875e-07 6.168591971373594829e-01 2.698473851524731820e-02 8.977356934531103283e-01 1.434079983416846130e-02
