2.375000000000000000e+00 5.000000000000000000e-01 1.250000000000000000e+00 1.256993708685307576e+00 7.499999999999980016e-01 7.153145242031146531e-08 8.726819922207099678e-01 2.463928816552963738e-02 4.104821628616818208e-01 1.256691009292080184e-02
2.375000000000000000e+00 5.250000000000000222e-01 1.210371843691020022e+00 1.217593193014168129e+00 7.499999999999982236e-01 6.821509599467201374e-08 8.726295425711153575e-01 2.459454616299501864e-02 4.175517737811855756e-01 1.244007818503353735e-02
2.375000000000000000e+00 5.500000000000000444e-01 1.171537451385997741e+00 1.178996685183821613e+00 7.499999999999980016e-01 6.486028270701530775e-08 8.726021254739200206e-01 2.454775968232831770e-02 4.251880375169965753e-01 1.232316233291114171e-02
2.375000000000000000e+00 5.749999999999999556e-01 1.133578404875463352e+00 1.141285758990465027e+00 7.499999999999953371e-01 6.146863486286087144e-08 8.726085448732869843e-01 2.449894784334759323e-02 4.334258708571453456e-01 1.221607700364291636e-02
2.375000000000000000e+00 5.999999999999999778e-01 1.096585609973065534e+00 1.104551123160194770e+00 7.499999999999926725e-01 5.804183514432591233e-08 8.726427608799917079e-01 2.444813051834880333e-02 4.423014572775727515e-01 1.211864629598276115e-02
2.375000000000000000e+00 6.250000000000000000e-01 1.060660171779820971e+00 1.068893438877069002e+00 7.499999999999971134e-01 5.458162436147768076e-08 8.726982789702104615e-01 2.439532831450016981e-02 4.518516097813581323e-01 1.199403838276229262e-02
2.375000000000000000e+00 6.500000000000000222e-01 1.025914226434159415e+00 1.034424083088963275e+00 7.499999999999991118e-01 5.108979945261494223e-08 8.727683250501923062e-01 2.434056255567804139e-02 4.621128641965198125e-01 1.128992984895699561e-02
2.375000000000000000e+00 6.750000000000000444e-01 9.924716620639602027e-01 1.001265790724140681e+00 7.499999999999993339e-01 4.756821074076304254e-08 8.728175451036762622e-01 2.428385526377683026e-02 4.731202385575536407e-01 1.058507401429997080e-02
2.375000000000000000e+00 6.999999999999999556e-01 9.604686356149272353e-01 9.695530845056614666e-01 7.499999999999948930e-01 4.401875945549205133e-08 8.727940795051722933e-01 2.422522913950971024e-02 4.849055934687541147e-01 9.881195652868660778e-03
2.375000000000000000e+00 7.249999999999999778e-01 9.300537618869135770e-01 9.394323731245597386e-01 7.499999999999987788e-01 4.044339490133947215e-08 8.727807887497719408e-01 2.416470754273831317e-02 4.974955373433825323e-01 9.180332316086401226e-03
2.375000000000000000e+00 7.500000000000000000e-01 9.013878188659973922e-01 9.110615696397472707e-01 7.500000000000515143e-01 3.684411142744872603e-08 8.727768073981893027e-01 2.410231447235072072e-02 5.109088449984252600e-01 8.484966689695564585e-03
2.375000000000000000e+00 7.750000000000000222e-01 8.746427842267948671e-01 8.846090569706166473e-01 7.500000000013040680e-01 3.322294530444065282e-08 8.727818670596356743e-01 2.403807454572602295e-02 5.251534050399585540e-01 7.798223429105022309e-03
2.375000000000000000e+00 8.000000000000000444e-01 8.499999999999999778e-01 8.602518141070334412e-01 7.500000000288349344e-01 2.958197140250122272e-08 8.727963080655039008e-01 2.397201297780486573e-02 5.402227869212504752e-01 7.124164427612923040e-03
2.375000000000000000e+00 8.249999999999999556e-01 8.276472678623423285e-01 8.381725261987822417e-01 7.500000005569052997e-01 2.592329988272110482e-08 8.728210646735691247e-01 2.390415555980365120e-02 5.560926248990519793e-01 6.468234038309489918e-03
2.375000000000000000e+00 8.500000000000000888e-01 8.077747210701747838e-01 8.185555470916059395e-01 7.500000093769895182e-01 2.224907238926468407e-08 8.728576247912602781e-01 2.383452863759724649e-02 5.727171474060981371e-01 5.837927550909186025e-03
2.375000000000000000e+00 8.750000000000000000e-01 7.905694150420946587e-01 8.015816762342091728e-01 7.500001363446215930e-01 1.856145849775105356e-08 8.729079668743814358e-01 2.376315908980033281e-02 5.900263170174095961e-01 5.243769643142732334e-03
2.375000000000000000e+00 9.000000000000000222e-01 7.762087348130011222e-01 7.874218587735815067e-01 7.500016781615510553e-01 1.486265204436365209e-08 8.729744780577617380e-01 2.369007430558212057e-02 6.079241516634519282e-01 4.700644954699543729e-03
2.375000000000000000e+00 9.250000000000000444e-01 7.648529270389170520e-01 7.762301100024666667e-01 7.500168048768074414e-01 1.115486705739044958e-08 8.729872232593673953e-01 2.361530216223745732e-02 6.262888214252675390e-01 4.229275558973823179e-03
2.375000000000000000e+00 9.499999999999999556e-01 7.566372975210773344e-01 7.681361752153340605e-01 7.501274912954400964e-01 7.440333878714723462e-09 8.729123232537536747e-01 2.353887100255084436e-02 6.449750058940414421e-01 3.856900343986864946e-03
2.375000000000000000e+00 9.750000000000000888e-01 7.516648189186455609e-01 7.632386151620190740e-01 7.506712214062508659e-01 3.721295479672214884e-09 8.728332536557715793e-01 2.346080961197921644e-02 6.638187270634459125e-01 3.614867532137404360e-03
2.375000000000000000e+00 1.000000000000000000e+00 7.499999999999998890e-01 7.615990964243862793e-01 7.523832412620388155e-01 3.328727668326928380e-12 8.727562951611624875e-01 2.338114719568638866e-02 6.826444650117049484e-01 9.849556134518380789e-06
2.375000000000000000e+00 1.024999999999999911e+00 7.516648189186454498e-01 7.632386151620231818e-01 7.560967134307191584e-01 3.721295510594274281e-09 8.726881346105923587e-01 2.329991335545675279e-02 7.012739048068373782e-01 3.614867532804587683e-03
2.375000000000000000e+00 1.050000000000000044e+00 7.566372975210775564e-01 7.681361752153340605e-01 7.623689622709229896e-01 7.440333891967038650e-09 8.726356074647189098e-01 2.321713806651937162e-02 7.195352857729815366e-01 3.856900345236700250e-03
2.375000000000000000e+00 1.075000000000000178e+00 7.648529270389177181e-01 7.762301100024666667e-01 7.714542743320481621e-01 1.115486706622533741e-08 8.726054578563000597e-01 2.313285165431203105e-02 7.372721573671874307e-01 4.229275560681526602e-03
2.375000000000000000e+00 1.100000000000000089e+00 7.762087348130011222e-01 7.874218587735820618e-01 7.834146351298820754e-01 1.486265207970314051e-08 8.726040999497318706e-01 2.304708477121166638e-02 7.543504546468478011e-01 4.700644956744510355e-03
2.375000000000000000e+00 1.125000000000000000e+00 7.905694150420948807e-01 8.015816762342091728e-01 7.982033746305371436e-01 1.856145853309062469e-08 8.726374893299834179e-01 2.295986837326548582e-02 7.706631578699526530e-01 5.243769645428950424e-03
2.375000000000000000e+00 1.149999999999999911e+00 8.077747210701755609e-01 8.185555470916097143e-01 8.157115523959461711e-01 2.224907239809956197e-08 8.727110082553397596e-01 2.287123369694303576e-02 7.861322788202493861e-01 5.837927553366445248e-03
2.375000000000000000e+00 1.175000000000000044e+00 8.276472678623425505e-01 8.381725261987822417e-01 8.357940417972316016e-01 2.592329989597341504e-08 8.728292960610123385e-01 2.278121223594563316e-02 8.005984604354587919e-01 6.468234040888041873e-03
2.375000000000000000e+00 1.200000000000000178e+00 8.499999999999999778e-01 8.602518141070334412e-01 8.582856878735947159e-01 2.958197144225815671e-08 8.729962238258086593e-01 2.268983571809381206e-02 8.135562619076742719e-01 7.124164430277364624e-03
2.375000000000000000e+00 1.225000000000000089e+00 8.746427842267949782e-01 8.846090569706164253e-01 8.830121912182629096e-01 3.322294530444058664e-08 8.730133693919489568e-01 2.259713608232282595e-02 8.246516149310676447e-01 7.798223431829629307e-03
2.375000000000000000e+00 1.250000000000000000e+00 9.013878188659973922e-01 9.110615696397472707e-01 9.097977385846625076e-01 3.684411142524000160e-08 8.728026790575098559e-01 2.250314545581219572e-02 8.346852661253973960e-01 8.484966692461976684e-03
2.375000000000000000e+00 1.274999999999999911e+00 9.300537618869134660e-01 9.394323731245591835e-01 9.384703462348209513e-01 4.044339491003634985e-08 8.726645368245429246e-01 2.240789613127309315e-02 8.439223065219029207e-01 9.180332318880726761e-03
2.375000000000000000e+00 1.300000000000000044e+00 9.604686356149274573e-01 9.695530845056614666e-01 9.688654756579895277e-01 4.401875947757911703e-08 8.726035678252248573e-01 2.231142054442147513e-02 8.519731996884900571e-01 9.881195655679792314e-03
2.375000000000000000e+00 1.325000000000000178e+00 9.924716620639603137e-01 1.001265790724140681e+00 1.000828318447942733e+00 4.756821074518052450e-08 8.726227461926572282e-01 2.221375125165647030e-02 8.594684382622853613e-01 1.058507401711868308e-02
2.375000000000000000e+00 1.350000000000000089e+00 1.025914226434159415e+00 1.034424083088962387e+00 1.034215067690485323e+00 5.108979946586724915e-08 8.727237392996957110e-01 2.211492090797323104e-02 8.664700280563568668e-01 1.128992985177604616e-02
2.375000000000000000e+00 1.375000000000000000e+00 1.060660171779821415e+00 1.068893438877069002e+00 1.068893438877065227e+00 5.458162436810389378e-08 8.729069456048108577e-01 2.201496224512759087e-02 8.726062590377746675e-01 1.199403838557489693e-02
2.375000000000000000e+00 1.399999999999999911e+00 1.096585609973065312e+00 1.104551123160193660e+00 1.104742656082066343e+00 5.804183511782123232e-08 8.728753099852110120e-01 2.191390805007709802e-02 8.784589193004591623e-01 1.211864629635331023e-02
2.375000000000000000e+00 1.425000000000000044e+00 1.133578404875463352e+00 1.141285758990465027e+00 1.141653075446640075e+00 6.146863487611328423e-08 8.726746279820789542e-01 2.181179114372054986e-02 8.837814038930005278e-01 1.221607700405172824e-02
2.375000000000000000e+00 1.450000000000000178e+00 1.171537451385998185e+00 1.178996685183821613e+00 1.179525578654820439e+00 6.486028272440897050e-08 8.726012802320665118e-01 2.170864435995144281e-02 8.887861776296015481e-01 1.232316233335887731e-02
2.375000000000000000e+00 1.475000000000000089e+00 1.210371843691020688e+00 1.217593193014170128e+00 1.218270835246528794e+00 6.821509603442897419e-08 8.726503105776728386e-01 2.160450052504982871e-02 8.934091584143644127e-01 1.244007818552111781e-02
2.375000000000000000e+00 1.500000000000000000e+00 1.250000000000000000e+00 1.256993708685307576e+00 1.257808504818550777e+00 7.153145243615198727e-08 8.728160814353513874e-01 2.149939243742944942e-02 8.977671199359810172e-01 1.256691009344779869e-02
