1.750000000000000000e+00 5.000000000000000000e-01 1.118033988749894903e+00 1.000000000000037303e+00 4.999999999999986122e-01 1.387896397035497496e-07 5.939793900440324403e-01 3.290454322156777245e-02 2.925438497413270222e-01 1.848948388668551074e-02
1.750000000000000000e+00 5.250000000000000222e-01 1.073545527679194089e+00 9.500000000000390354e-01 4.999999999999993339e-01 1.326801764188181911e-07 5.793085653149891989e-01 3.282593381342558542e-02 2.989300144181325503e-01 1.753511532291784913e-02
1.750000000000000000e+00 5.500000000000000444e-01 1.029563014098699991e+00 9.000000000000438760e-01 4.999999999999950040e-01 1.264515759273887063e-07 5.637574883995013497e-01 3.274380309668588340e-02 3.059462233262612019e-01 1.657541553468589585e-02
1.750000000000000000e+00 5.749999999999999556e-01 9.861541461658009933e-01 8.500000000000429434e-01 4.999999999999958922e-01 1.201079807688659273e-07 5.472404280790041931e-01 3.265819410064328687e-02 3.136588090179251997e-01 1.561273836285400826e-02
1.750000000000000000e+00 5.999999999999999778e-01 9.433981132056602492e-01 8.000000000000488942e-01 4.999999999999975020e-01 1.136538337475087956e-07 5.296605937991303303e-01 3.256915146607043676e-02 3.221430282361493203e-01 1.464937181280189828e-02
1.750000000000000000e+00 6.250000000000000000e-01 9.013878188659971702e-01 7.500000000000527356e-01 4.999999999999988898e-01 1.070938727066785339e-07 5.109088448843628338e-01 3.247672139572403693e-02 3.314839789518960744e-01 1.368750326173122367e-02
1.750000000000000000e+00 6.500000000000000222e-01 8.602325267042623125e-01 7.000000000000535794e-01 4.999999999999978906e-01 1.004331235522566204e-07 4.908624819012590845e-01 3.238095160343108792e-02 3.417773908548872308e-01 1.272918586896865101e-02
1.750000000000000000e+00 6.750000000000000444e-01 8.200609733428361192e-01 6.500000000000594191e-01 5.000000000000002220e-01 9.367689181830785044e-08 4.693843074666481652e-01 3.228189126184793228e-02 3.531301150068982819e-01 1.177630798375392529e-02
1.750000000000000000e+00 6.999999999999999556e-01 7.810249675906655309e-01 6.000000000000640377e-01 4.999999999999988343e-01 8.683075277423006058e-08 4.463222643934597889e-01 3.217959094898434347e-02 3.656600356394748008e-01 1.083056798025698771e-02
1.750000000000000000e+00 7.249999999999999778e-01 7.433034373659253013e-01 5.500000000000668798e-01 4.999999999999968359e-01 7.990053972958876247e-08 4.215101347193024872e-01 3.207410259358477872e-02 3.794949818056898572e-01 9.893457971645217008e-03
1.750000000000000000e+00 7.500000000000000000e-01 7.071067811865475727e-01 5.000000000000779377e-01 5.000000000000747180e-01 7.289233127655998766e-08 3.947700245609641612e-01 3.196547941946635552e-02 3.947700242040315111e-01 8.966261645675991515e-03
1.750000000000000000e+00 7.750000000000000222e-01 6.726812023536854479e-01 4.500000000000834999e-01 5.000000000019564350e-01 6.581243637224460382e-08 3.659176627033601803e-01 3.185377588890665745e-02 4.116223138691953443e-01 8.050074860051492642e-03
1.750000000000000000e+00 8.000000000000000444e-01 6.403124237432846755e-01 4.000000000000980549e-01 5.000000000432509584e-01 5.866737879591661313e-08 3.347718623056738507e-01 3.173904764518183097e-02 4.301824015302369020e-01 7.145864571391373488e-03
1.750000000000000000e+00 8.249999999999999556e-01 6.103277807866851479e-01 3.500000000001119438e-01 5.000000008353504555e-01 5.146387969793756063e-08 3.011697121892726314e-01 3.162135145435283901e-02 4.505608849155129936e-01 6.254596920242196101e-03
1.750000000000000000e+00 8.500000000000000888e-01 5.830951894845298744e-01 3.000000000001289413e-01 5.000000140654846659e-01 4.420883901642763555e-08 2.649889209655456601e-01 3.150074514639411571e-02 4.728294875557578214e-01 5.377501585654454429e-03
1.750000000000000000e+00 8.750000000000000000e-01 5.590169943749473402e-01 2.500000000001535438e-01 5.000002045169076315e-01 3.690931606732214355e-08 2.261778141976411027e-01 3.137728755577035705e-02 4.969966116386119181e-01 4.516244535280882107e-03
1.750000000000000000e+00 9.000000000000000222e-01 5.385164807134503739e-01 2.000000000001941336e-01 5.000025172388012917e-01 2.957250850577703602e-08 1.847912837076227111e-01 3.125103846155513621e-02 5.229793769532063985e-01 3.675217759742262745e-03
1.750000000000000000e+00 9.250000000000000444e-01 5.220153254455274228e-01 1.500000000002588707e-01 5.000252069622261875e-01 2.220573097945523975e-08 1.410272821582305158e-01 3.112205852718754814e-02 5.505772012122815973e-01 2.864092659045244967e-03
1.750000000000000000e+00 9.499999999999999556e-01 5.099019513592785158e-01 1.000000000003872930e-01 5.001912166333916110e-01 1.481639261257450639e-08 9.525397138196917135e-02 3.099040923997206654e-02 5.794552934053268656e-01 2.108152005990923325e-03
1.750000000000000000e+00 9.750000000000000888e-01 5.024937810560444751e-01 5.000000000077697848e-02 5.010062700681034986e-01 7.411974697021616931e-09 4.801469756005571909e-02 3.085615285040834571e-02 6.091479879615143700e-01 1.483698649311686324e-03
1.750000000000000000e+00 1.000000000000000000e+00 5.000000000000000000e-01 2.787364394720468223e-07 5.035678124463193184e-01 6.630428904555911513e-12 4.306391271319265357e-05 3.071935231145730971e-02 6.390890016284971331e-01 1.206562022756728358e-03
1.750000000000000000e+00 1.024999999999999911e+00 5.024937810560444751e-01 5.000000000077674256e-02 5.090994402479114278e-01 7.411974710273924674e-09 4.801469775106254056e-02 3.058007121782778046e-02 6.686674048823127992e-01 1.483698651323403506e-03
1.750000000000000000e+00 1.050000000000000044e+00 5.099019513592785158e-01 1.000000000003872930e-01 5.183690139601744296e-01 1.481639266116631827e-08 9.525397156841192148e-02 3.043837374538236468e-02 6.972973503115118543e-01 2.108152008834201889e-03
1.750000000000000000e+00 1.075000000000000178e+00 5.220153254455274228e-01 1.500000000002588707e-01 5.316405716131786807e-01 2.220573100595986682e-08 1.410272823376106377e-01 3.029432459075505346e-02 7.244827665718646115e-01 2.864092662205451438e-03
1.750000000000000000e+00 1.100000000000000089e+00 5.385164807134504850e-01 2.000000000001938560e-01 5.488519750676725817e-01 2.957250854553399647e-08 1.847912838781101685e-01 3.014798891126422437e-02 7.490309046098867496e-01 3.675217763056025204e-03
1.750000000000000000e+00 1.125000000000000000e+00 5.590169943749474513e-01 2.500000000001535438e-01 5.697619040191911344e-01 3.690931608250704216e-08 2.261778143581158473e-01 2.999943226521392670e-02 7.690575907489430874e-01 4.516244538689409040e-03
1.750000000000000000e+00 1.149999999999999911e+00 5.830951894845298744e-01 3.000000000001282752e-01 5.940415277673825045e-01 4.420883906860859072e-08 2.649889211155252444e-01 2.984872055266744179e-02 7.861146510311399771e-01 5.377501589132076265e-03
1.750000000000000000e+00 1.175000000000000044e+00 6.103277807866851479e-01 3.500000000001119438e-01 6.213305724843691813e-01 5.146387972665102463e-08 3.011697123287763733e-01 2.969591995677219043e-02 8.005782133581007542e-01 6.254596923779829828e-03
1.750000000000000000e+00 1.200000000000000178e+00 6.403124237432846755e-01 4.000000000000980549e-01 6.512713121339368527e-01 5.866737883788223847e-08 3.347718624350710659e-01 2.954109688572268549e-02 8.135736510214076622e-01 7.145864574983177425e-03
1.750000000000000000e+00 1.225000000000000089e+00 6.726812023536853369e-01 4.500000000000865530e-01 6.835280022355137985e-01 6.581243642525381825e-08 3.659176628232395645e-01 2.938431791543280602e-02 8.246091845712617552e-01 8.050074863692980795e-03
1.750000000000000000e+00 1.250000000000000000e+00 7.071067811865475727e-01 5.000000000000779377e-01 7.177965764293989803e-01 7.289233131631681576e-08 3.947700246720255990e-01 2.922564973299644764e-02 8.346859400533026552e-01 8.966261649363350961e-03
1.750000000000000000e+00 1.274999999999999911e+00 7.433034373659250793e-01 5.500000000000699885e-01 7.538080596293093016e-01 7.990053978701546548e-08 4.215101348222847766e-01 2.906515908100817253e-02 8.437940738674284402e-01 9.893457975374442270e-03
1.750000000000000000e+00 1.300000000000000044e+00 7.810249675906655309e-01 6.000000000000640377e-01 7.913281935593963201e-01 8.683075279189976343e-08 4.463222644890930679e-01 2.890291270280891806e-02 8.520185995059640360e-01 1.083056798402345748e-02
1.750000000000000000e+00 1.325000000000000178e+00 8.200609733428363413e-01 6.500000000000594191e-01 8.301549993870714905e-01 9.367689184922975433e-08 4.693843075556221600e-01 2.873897728872670809e-02 8.594558947108240643e-01 1.177630798755236255e-02
1.750000000000000000e+00 1.350000000000000089e+00 8.602325267042620904e-01 7.000000000000530243e-01 8.701153982306233381e-01 1.004331235831787228e-07 4.908624819842114517e-01 2.857341942337354029e-02 8.663348034943054721e-01 1.272918587279223829e-02
1.750000000000000000e+00 1.375000000000000000e+00 9.013878188659973922e-01 7.500000000000527356e-01 9.110615696397487140e-01 1.070938727552700877e-07 5.109088449618721661e-01 2.840630553405465095e-02 8.726253861653925359e-01 1.368750326557272197e-02
1.750000000000000000e+00 1.399999999999999911e+00 9.433981132056602492e-01 8.000000000000466738e-01 9.528674284323397359e-01 1.136538337629697807e-07 5.296605938717164896e-01 2.823770184035182679e-02 8.784103231201428885e-01 1.464937181665387084e-02
1.750000000000000000e+00 1.425000000000000044e+00 9.861541461658009933e-01 8.500000000000429434e-01 9.954254088965064362e-01 1.201079807920575041e-07 5.472404281471293652e-01 2.806767430492284471e-02 8.837840911221462870e-01 1.495382123302150743e-02
1.750000000000000000e+00 1.450000000000000178e+00 1.029563014098699991e+00 9.000000000000438760e-01 1.038643630270262630e+00 1.264515759414004841e-07 5.637574884635768724e-01 2.789628858557892388e-02 8.887670517694187255e-01 1.478871517504318917e-02
1.750000000000000000e+00 1.475000000000000089e+00 1.073545527679194533e+00 9.500000000000403677e-01 1.082443452570282627e+00 1.326801764233737990e-07 5.793085653753796693e-01 2.772360998867459680e-02 8.934102817532335594e-01 1.462750315797705682e-02
1.750000000000000000e+00 1.500000000000000000e+00 1.118033988749894903e+00 1.000000000000037303e+00 1.126757398375478392e+00 1.387896397035499614e-07 5.939793901010598232e-01 2.754970342385449147e-02 8.977350836001610768e-01 1.447003311944376064e-02
