1.625000000000000000e+00 5.000000000000000000e-01 1.250000000000000000e+00 1.000000000000000222e+00 7.499999999999976685e-01 1.618019323199295323e-07 5.446117982350033859e-01 3.503955389360524642e-02 4.104821624344549558e-01 2.087561073258909980e-02
1.625000000000000000e+00 5.250000000000000222e-01 1.210371843691020022e+00 9.500000000000003997e-01 7.499999999999966693e-01 1.548007660743781574e-07 5.279185934021652926e-01 3.495075615232373645e-02 4.175517733539060861e-01 2.088261072833882265e-02
1.625000000000000000e+00 5.500000000000000444e-01 1.171537451385997741e+00 8.999999999999945821e-01 7.499999999999968914e-01 1.476448261175624824e-07 5.103531334823525611e-01 3.485800041540781935e-02 4.251880370901410244e-01 2.089273259303286306e-02
1.625000000000000000e+00 5.749999999999999556e-01 1.133578404875463352e+00 8.499999999999984235e-01 7.499999999999958922e-01 1.403391137038559604e-07 4.918593321466522839e-01 3.476133789340587338e-02 4.334258704313114774e-01 2.090480010577374856e-02
1.625000000000000000e+00 5.999999999999999778e-01 1.096585609973065534e+00 7.999999999999973799e-01 7.499999999999944489e-01 1.328890644321313945e-07 4.723788092872744926e-01 3.466082169155344089e-02 4.423014568534990310e-01 2.060546426839177103e-02
1.625000000000000000e+00 6.250000000000000000e-01 1.060660171779820971e+00 7.499999999999975575e-01 7.499999999999977796e-01 1.253005429713409063e-07 4.518516096156310891e-01 3.455650674810477330e-02 4.518516093599437844e-01 1.944731072062201582e-02
1.625000000000000000e+00 6.500000000000000222e-01 1.025914226434159415e+00 6.999999999999970690e-01 7.499999999999991118e-01 1.175798353785909397e-07 4.302172777660413505e-01 3.444844977094467520e-02 4.621128637788480265e-01 1.828901226172915603e-02
1.625000000000000000e+00 6.750000000000000444e-01 9.924716620639602027e-01 6.499999999999999112e-01 7.499999999999964473e-01 1.097336389522923077e-07 4.074163865171953058e-01 3.433670917258496713e-02 4.731202381449111094e-01 1.713478114333948088e-02
1.625000000000000000e+00 6.999999999999999556e-01 9.604686356149272353e-01 6.000000000000000888e-01 7.499999999999987788e-01 1.017690494458860533e-07 3.833926221667092182e-01 3.422134500367353394e-02 4.849055930626506306e-01 1.598909191148170650e-02
1.625000000000000000e+00 7.249999999999999778e-01 9.300537618869135770e-01 5.499999999999980460e-01 7.499999999999984457e-01 9.369354575921729181e-08 3.580955274249360554e-01 3.410241888513712571e-02 4.974955369455639764e-01 1.485679412051718953e-02
1.625000000000000000e+00 7.500000000000000000e-01 9.013878188659973922e-01 4.999999999999991118e-01 7.500000000000506262e-01 8.551497213536487738e-08 3.314839792548181507e-01 3.397999393907744081e-02 5.109088446108771553e-01 1.374329513503949260e-02
1.625000000000000000e+00 7.750000000000000222e-01 8.746427842267948671e-01 4.499999999999980127e-01 7.500000000013066215e-01 7.724151792885026106e-08 3.035304266521521854e-01 3.385413471855187872e-02 5.251534046648952403e-01 1.265484421605032536e-02
1.625000000000000000e+00 8.000000000000000444e-01 8.499999999999999778e-01 3.999999999999992450e-01 7.500000000288331581e-01 6.888169481373173714e-08 2.742258208264110042e-01 3.372490713636031034e-02 5.402227865610872426e-01 1.159896115386949145e-02
1.625000000000000000e+00 8.249999999999999556e-01 8.276472678623423285e-01 3.499999999999969802e-01 7.500000005569016359e-01 6.044431193786846771e-08 2.435850303656075244e-01 3.359237839296384115e-02 5.560926245563519998e-01 1.058506571924569886e-02
1.625000000000000000e+00 8.500000000000000888e-01 8.077747210701747838e-01 2.999999999999970468e-01 7.500000093769899623e-01 5.193844873794310626e-08 2.116523491838717130e-01 3.345661690366649732e-02 5.727171470834906408e-01 9.625369313687175132e-03
1.625000000000000000e+00 8.750000000000000000e-01 7.905694150420946587e-01 2.499999999999995004e-01 7.500001363446215930e-01 4.337342586037191010e-08 1.785064955939831832e-01 3.331769222518263934e-02 5.900263167174804035e-01 8.736059785261630906e-03
1.625000000000000000e+00 9.000000000000000222e-01 7.762087348130011222e-01 1.999999999999957923e-01 7.500016781615501671e-01 3.475877421274030652e-08 1.442643116635352052e-01 3.317567498171933998e-02 6.079241513886092241e-01 7.938674432531650851e-03
1.625000000000000000e+00 9.250000000000000444e-01 7.648529270389170520e-01 1.500000000000007994e-01 7.500168048768078854e-01 2.610420257957106921e-08 1.090822725786569358e-01 3.303063679069569852e-02 6.262888211775915481e-01 7.261178704975210230e-03
1.625000000000000000e+00 9.499999999999999556e-01 7.566372975210773344e-01 9.999999999999770184e-02 7.501274912954404295e-01 1.741956376708788937e-08 7.315498583577900726e-02 3.288265018823027797e-02 6.449750056751353267e-01 6.737519254796721022e-03
1.625000000000000000e+00 9.750000000000000888e-01 7.516648189186455609e-01 4.999999999999968359e-02 7.506712214062499777e-01 8.714820147205585726e-09 3.671015942141020449e-02 3.273178855451369662e-02 6.638187268743057645e-01 6.403619273297231351e-03
1.625000000000000000e+00 1.000000000000000000e+00 7.499999999999998890e-01 2.962588924367883022e-11 7.523832412620381493e-01 7.796012742211847742e-12 3.287450278660619674e-05 3.257812603919262029e-02 6.826444648526305281e-01 6.288523765890846259e-03
1.625000000000000000e+00 1.024999999999999911e+00 7.516648189186454498e-01 4.999999999999706762e-02 7.560967134307193804e-01 8.714820178127664975e-09 3.671015956789414059e-02 3.242173748688374074e-02 7.012739046773983631e-01 6.403619274210048916e-03
1.625000000000000000e+00 1.050000000000000044e+00 7.566372975210775564e-01 9.999999999999770184e-02 7.623689622709212133e-01 1.741956379359251974e-08 7.315498598068492786e-02 3.226269836293782500e-02 7.195352856720464985e-01 6.737519256535203643e-03
1.625000000000000000e+00 1.075000000000000178e+00 7.648529270389177181e-01 1.500000000000007994e-01 7.714542743320459417e-01 2.610420261932796018e-08 1.090822727210175591e-01 3.210108467956675204e-02 7.372721572930120981e-01 7.261178707401673774e-03
1.625000000000000000e+00 1.100000000000000089e+00 7.762087348130011222e-01 1.999999999999946820e-01 7.834146351298822974e-01 3.475877425249724050e-08 1.442643118025013771e-01 3.193697292244927072e-02 7.543504545972055109e-01 7.938674435502413376e-03
1.625000000000000000e+00 1.125000000000000000e+00 7.905694150420948807e-01 2.499999999999995004e-01 7.982033746305381428e-01 4.337342585595458034e-08 1.785064957288505783e-01 3.177043997792611263e-02 7.706631578422911133e-01 8.736059788651320476e-03
1.625000000000000000e+00 1.149999999999999911e+00 8.077747210701755609e-01 2.999999999999988787e-01 8.157115523959471703e-01 5.193844878211737001e-08 2.116523493140936019e-01 3.160156306088927197e-02 7.861322788118486615e-01 9.625369317397753852e-03
1.625000000000000000e+00 1.175000000000000044e+00 8.276472678623425505e-01 3.499999999999969802e-01 8.357940417972322678e-01 6.044431197320791311e-08 2.435850304907944408e-01 3.143041964347275535e-02 8.005828280462934377e-01 1.058506572320253372e-02
1.625000000000000000e+00 1.200000000000000178e+00 8.499999999999999778e-01 3.999999999999992450e-01 8.582856878735987127e-01 6.888169483614245545e-08 2.742258209463211416e-01 3.125708738464268166e-02 8.133302167940474892e-01 1.159896115801611199e-02
1.625000000000000000e+00 1.225000000000000089e+00 8.746427842267949782e-01 4.500000000000021205e-01 8.830121912182630206e-01 7.724151796418979911e-08 3.035304267666695255e-01 3.108164406078543079e-02 8.246142933921085660e-01 1.265484422034463680e-02
1.625000000000000000e+00 1.250000000000000000e+00 9.013878188659973922e-01 4.999999999999991118e-01 9.097977385846559573e-01 8.551497216718414650e-08 3.314839793639349774e-01 3.090416749738663510e-02 8.347582855409796387e-01 1.374329513944796965e-02
1.625000000000000000e+00 1.274999999999999911e+00 9.300537618869134660e-01 5.500000000000011546e-01 9.384703462348199521e-01 9.369354579124363401e-08 3.580955275287297512e-01 3.072473550188917213e-02 8.437650835479230116e-01 1.485679412501252593e-02
1.625000000000000000e+00 1.300000000000000044e+00 9.604686356149274573e-01 6.000000000000000888e-01 9.688654756579896388e-01 1.017690494745992923e-07 3.833926222653200599e-01 3.054342579781428590e-02 8.519735933239044323e-01 1.598909191604106980e-02
1.625000000000000000e+00 1.325000000000000178e+00 9.924716620639603137e-01 6.499999999999999112e-01 1.000828318447952281e+00 1.097336389611269673e-07 4.074163866108082011e-01 3.036031596023050505e-02 8.594594919938176592e-01 1.599926775024732017e-02
1.625000000000000000e+00 1.350000000000000089e+00 1.025914226434159415e+00 6.999999999999988454e-01 1.034215067690485990e+00 1.175798354095128833e-07 4.302172778548731258e-01 3.017548335264019777e-02 8.663059550874617765e-01 1.582248876864936898e-02
1.625000000000000000e+00 1.375000000000000000e+00 1.060660171779821415e+00 7.499999999999975575e-01 1.068893438877068114e+00 1.253005429978453878e-07 4.518516096999139475e-01 2.998900506536111496e-02 8.726105156669639040e-01 1.565005830257224645e-02
1.625000000000000000e+00 1.399999999999999911e+00 1.096585609973065312e+00 8.000000000000002665e-01 1.104742656082066343e+00 1.328890644542189433e-07 4.723788093672490196e-01 2.980095785546513568e-02 8.784215379120812184e-01 1.548177807621744020e-02
1.625000000000000000e+00 1.425000000000000044e+00 1.133578404875463352e+00 8.499999999999984235e-01 1.141653075446642962e+00 1.403391137657002711e-07 4.918593322225619513e-01 2.961141808834130001e-02 8.837813668025570335e-01 1.531745800622471773e-02
1.625000000000000000e+00 1.450000000000000178e+00 1.171537451385998185e+00 8.999999999999945821e-01 1.179525578654819551e+00 1.476448261319190821e-07 5.103531335544325698e-01 2.942046168093509842e-02 8.887667040927452744e-01 1.515691739347168124e-02
1.625000000000000000e+00 1.475000000000000089e+00 1.210371843691020688e+00 9.499999999999989564e-01 1.218270835246527239e+00 1.548007661119266780e-07 5.279185934706464023e-01 2.922816404672211321e-02 8.934071493656746688e-01 1.499998461352784751e-02
1.625000000000000000e+00 1.500000000000000000e+00 1.250000000000000000e+00 1.000000000000000222e+00 1.257808504818550333e+00 1.618019323508521641e-07 5.446117983001039775e-01 2.903460004246055312e-02 8.977362607632372038e-01 1.484649679653916518e-02
