2.000000000000000000e+00 5.000000000000000000e-01 1.000000000000000000e+00 1.001788671193666991e+00 1.263854979235380896e-15 1.044831370225114265e-07 7.193018849237486911e-01 2.917021309641332216e-02 2.790449235595682254e-05 1.359108722819207804e-02
2.000000000000000000e+00 5.250000000000000222e-01 9.499999999999998446e-01 9.518826302291543140e-01 4.757177908703557300e-16 9.976274240873459248e-08 7.124347144851550517e-01 2.910801501333195457e-02 2.867263908329364952e-05 1.311176557752263654e-02
2.000000000000000000e+00 5.500000000000000444e-01 8.999999999999999112e-01 9.019869964317523969e-01 4.213098548769510336e-14 9.496896685457313265e-08 7.053470194822760719e-01 2.904300598563574337e-02 2.953591735016525277e-05 1.264909657647079501e-02
2.000000000000000000e+00 5.749999999999999556e-01 8.500000000000000888e-01 8.521035980043571989e-01 4.235039423859998873e-13 9.010463501505661742e-08 6.980277437088507897e-01 2.897521676711155292e-02 3.051003315107658764e-05 1.220517395397035729e-02
2.000000000000000000e+00 5.999999999999999778e-01 7.999999999999999334e-01 8.022347173564431388e-01 3.723562437676389533e-12 8.517272271432906483e-08 6.904647163929673592e-01 2.890467928884436419e-02 3.161461383421881877e-05 1.178187567046846788e-02
2.000000000000000000e+00 6.250000000000000000e-01 7.499999999999998890e-01 7.523832412620390375e-01 2.962472083585752494e-11 8.017635291694450144e-08 6.826444650730633112e-01 2.883142662689986563e-02 3.287450277683623412e-05 1.138092564446085975e-02
2.000000000000000000e+00 6.500000000000000222e-01 6.999999999999997335e-01 7.025528746877129915e-01 2.158112676107055239e-10 7.511879112931724341e-08 6.745519882386997734e-01 2.875549296904227753e-02 3.432160727828703628e-05 1.100385847984074877e-02
2.000000000000000000e+00 6.750000000000000444e-01 6.500000000000000222e-01 6.527484521099762294e-01 1.447851036572303542e-09 7.000344029757907525e-08 6.661704783681022812e-01 2.867691358053903183e-02 3.599759705263938514e-05 1.065198631521696408e-02
2.000000000000000000e+00 6.999999999999999556e-01 6.000000000000000888e-01 6.029764023010919516e-01 8.988726761601145263e-09 6.483383464967513422e-08 6.574809846980720351e-01 2.859572476910814814e-02 3.795794901317872672e-05 1.032637023077438709e-02
2.000000000000000000e+00 7.249999999999999778e-01 5.500000000000000444e-01 5.532454624594510539e-01 5.184753547087923024e-08 5.961363356837692090e-08 6.484620052224921993e-01 2.851196384906625955e-02 4.027819471152938036e-05 1.002779897387880495e-02
2.000000000000000000e+00 7.500000000000000000e-01 5.000000000000000000e-01 5.035678124463207617e-01 2.787364391106985436e-07 5.434661435552004310e-08 6.390890019498356445e-01 2.842566910473839220e-02 4.306391269021103696e-05 9.756777830097412146e-03
2.000000000000000000e+00 7.750000000000000222e-01 4.499999999999997891e-01 4.539609473643865245e-01 1.399907695508284563e-06 4.903666453130876457e-08 6.293338494950547757e-01 2.833687975317981250e-02 4.646738131208749678e-05 9.513530163200258072e-03
2.000000000000000000e+00 8.000000000000000444e-01 3.999999999999999667e-01 4.044509138720913666e-01 6.576757374497404039e-06 4.368777398784163739e-08 6.191642716679294223e-01 2.824563590628197118e-02 5.071673008261168292e-05 9.298013411926786889e-03
2.000000000000000000e+00 8.249999999999999556e-01 3.500000000000000888e-01 3.550782191742692939e-01 2.890255603620492885e-05 3.830402585827031642e-08 6.085434332893221443e-01 2.815197853230873987e-02 5.617011862807386180e-05 9.109950176556441681e-03
2.000000000000000000e+00 8.500000000000000888e-01 2.999999999999998224e-01 3.059093684933047452e-01 1.185980073219865824e-04 3.288958777690009763e-08 5.974301215898986106e-01 2.805594941693588182e-02 6.342422922539503460e-05 8.948873564215562709e-03
2.000000000000000000e+00 8.750000000000000000e-01 2.499999999999999445e-01 2.570613579128002146e-01 4.522355041563786955e-04 2.744870215972337906e-08 5.857805427465996306e-01 2.795759112384284262e-02 7.355334593295292933e-05 8.814184384600583233e-03
2.000000000000000000e+00 9.000000000000000222e-01 1.999999999999999001e-01 2.087595308769715219e-01 1.586582850978054959e-03 2.198567625083046220e-08 5.735539205083330927e-01 2.785694695492757500e-02 8.870812903277736083e-05 8.705216341191205492e-03
2.000000000000000000e+00 9.250000000000000444e-01 1.499999999999999112e-01 1.614947111578950711e-01 5.020716843057148986e-03 1.650487196257985137e-08 5.607258253840624596e-01 2.775406091019598509e-02 1.139145866448365574e-04 8.621304280196894973e-03
2.000000000000000000e+00 9.499999999999999556e-01 1.000000000000000888e-01 1.165355813988709910e-01 1.382943228024575803e-02 1.101069515088962917e-08 5.473139152679796782e-01 2.764897764739304362e-02 1.642752318850027038e-04 8.561850006800113613e-03
2.000000000000000000e+00 9.750000000000000888e-01 5.000000000000004441e-02 7.797782846407880220e-02 3.173771648301579318e-02 5.507585400466373306e-09 5.334147897450952636e-01 2.754174244143128836e-02 3.153807194556934590e-04 8.526380222178955859e-03
2.000000000000000000e+00 1.000000000000000000e+00 4.242300954899626180e-16 5.983762806105326348e-02 5.983762806105302756e-02 4.926631161958978891e-12 5.210759939532785268e-01 2.743240114367706539e-02 5.210731541664228583e-01 8.514591741949368436e-03
2.000000000000000000e+00 1.024999999999999911e+00 4.999999999999982236e-02 7.797782846407547153e-02 9.582400566004839471e-02 5.507585426970997064e-09 5.334147898014316436e-01 2.555543650356633311e-04 6.469672242431996345e-01 8.526380222273154813e-03
2.000000000000000000e+00 1.050000000000000044e+00 1.000000000000000888e-01 1.165355813988709910e-01 1.367714686403875279e-01 1.101069516855933533e-08 5.473139153227003506e-01 1.218960035675692541e-04 6.961685876610220758e-01 8.561850006989529804e-03
2.000000000000000000e+00 1.075000000000000178e+00 1.499999999999999112e-01 1.614947111578950711e-01 1.806701341815775685e-01 1.650487197776474667e-08 5.607258254365755645e-01 7.760688286163070090e-05 7.243308837369117903e-01 8.621304280483020263e-03
2.000000000000000000e+00 1.100000000000000089e+00 2.000000000000001776e-01 2.087595308769712721e-01 2.263592068719245121e-01 2.198567629058741604e-08 5.735539205584360145e-01 5.566308432610519302e-05 7.490490751607910003e-01 8.705216341576397371e-03
2.000000000000000000e+00 1.125000000000000000e+00 2.499999999999999445e-01 2.570613579128002146e-01 2.731824065923335043e-01 2.744870216414087095e-08 5.857805427943274523e-01 4.264871901551001599e-05 7.693179010442274812e-01 8.814184385087237353e-03
2.000000000000000000e+00 1.149999999999999911e+00 2.999999999999997113e-01 3.059093684933034130e-01 3.207574421774257445e-01 3.288958778573498876e-08 5.974301216353949950e-01 3.408803373488927466e-05 7.859882488153702162e-01 8.948873564806380035e-03
2.000000000000000000e+00 1.175000000000000044e+00 3.500000000000000333e-01 3.550782191742692939e-01 3.688518405860986560e-01 3.830402587594011191e-08 6.085434333327613965e-01 2.806230913919173357e-05 8.010509503541671794e-01 9.109950177254192566e-03
2.000000000000000000e+00 1.200000000000000178e+00 3.999999999999999667e-01 4.044509138720913666e-01 4.173180106449466686e-01 4.368777399667657485e-08 6.191642717094840709e-01 2.361275834990931433e-05 8.133597085171642149e-01 9.298013412733709127e-03
2.000000000000000000e+00 1.225000000000000089e+00 4.500000000000001221e-01 4.539609473643878013e-01 4.660585047395614522e-01 4.903666459425722904e-08 6.293338495348810291e-01 2.020752994581029942e-05 8.247414296189354843e-01 9.513530164117788013e-03
2.000000000000000000e+00 1.250000000000000000e+00 5.000000000000000000e-01 5.035678124463207617e-01 5.150067233869548566e-01 5.434661439085952159e-08 6.390890019880718365e-01 1.752826060615861708e-05 8.346951881791498939e-01 9.756777831126042452e-03
2.000000000000000000e+00 1.274999999999999911e+00 5.499999999999998224e-01 5.532454624594513870e-01 5.641157600724336918e-01 5.961363360813370930e-08 6.484620052592583450e-01 1.537297106261994371e-05 8.438621840782268846e-01 1.002779897501836215e-02
2.000000000000000000e+00 1.300000000000000044e+00 6.000000000000000888e-01 6.029764023010919516e-01 6.133517016541011335e-01 6.483383467179148211e-08 6.574809847334737167e-01 1.360749510208922303e-05 8.519793569544295009e-01 1.032637023202311044e-02
2.000000000000000000e+00 1.325000000000000178e+00 6.500000000000000222e-01 6.527484521099762294e-01 6.626894619709540191e-01 7.000344029757911495e-08 6.661704784022307591e-01 1.213932847030573751e-05 8.595370652928795430e-01 1.065198631657275456e-02
2.000000000000000000e+00 1.350000000000000089e+00 6.999999999999997335e-01 7.025528746877154340e-01 7.121101082262746296e-01 7.511879116907400534e-08 6.745519882716359827e-01 1.090269361138456358e-05 8.663097662719363434e-01 1.100385848129971540e-02
2.000000000000000000e+00 1.375000000000000000e+00 7.500000000000000000e-01 7.523832412620390375e-01 7.615990964243846140e-01 8.017635293903167963e-08 6.826444651048781953e-01 9.849586994485214926e-06 8.726519655245627005e-01 1.138092564601804295e-02
2.000000000000000000e+00 1.399999999999999911e+00 7.999999999999998224e-01 8.022347173564419176e-01 8.111450771392567649e-01 8.517272273641622978e-08 6.904647164237244228e-01 8.944190914062043180e-06 8.784130542125270225e-01 1.178187567211806848e-02
2.000000000000000000e+00 1.425000000000000044e+00 8.499999999999998668e-01 8.521035980043571989e-01 8.607390688685923053e-01 9.010463503714379561e-08 6.980277437386068762e-01 8.159263303048319349e-06 8.837874977222915929e-01 1.220517395570595506e-02
2.000000000000000000e+00 1.450000000000000178e+00 8.999999999999995781e-01 9.019869964317523969e-01 9.103738741313890381e-01 9.496896686340779216e-08 7.053470195110828067e-01 7.473735345913823939e-06 8.887690354127221193e-01 1.264909657828495321e-02
2.000000000000000000e+00 1.475000000000000089e+00 9.499999999999999556e-01 9.518826302291546471e-01 9.600436594302758087e-01 9.976274238664746723e-08 7.124347145130573988e-01 6.871071103897566140e-06 8.934126948030621795e-01 1.311176557940810228e-02
2.000000000000000000e+00 1.500000000000000000e+00 9.999999999999997780e-01 1.001788671193666991e+00 1.009743648058199383e+00 1.044831370534337671e-07 7.193018849507901713e-01 6.338121813482456168e-06 8.977351287235122435e-01 1.359108723013963994e-02
