2.250000000000000000e+00 5.000000000000000000e-01 1.118033988749894903e+00 1.124825286492871834e+00 4.999999999999950040e-01 8.071475297599611444e-08 8.347230059706917116e-01 2.602689763895384839e-02 2.925438502576995781e-01 1.275473335284061684e-02
2.250000000000000000e+00 5.250000000000000222e-01 1.073545527679194089e+00 1.080616456072071685e+00 4.999999999999963363e-01 7.700001452012464350e-08 8.346883035881818014e-01 2.597709948889926485e-02 2.989300149404152118e-01 1.255894689080662430e-02
2.250000000000000000e+00 5.500000000000000444e-01 1.029563014098699991e+00 1.036933905865637495e+00 4.999999999999970024e-01 7.323802944654584005e-08 8.346856794414881930e-01 2.592503357282760143e-02 3.059462238545458956e-01 1.237660178036259495e-02
2.250000000000000000e+00 5.749999999999999556e-01 9.861541461658009933e-01 9.938470330658391028e-01 4.999999999999963363e-01 6.943074146704591531e-08 8.347641010074360324e-01 2.587072221194285440e-02 3.136588095521979924e-01 1.220789223704502220e-02
2.250000000000000000e+00 5.999999999999999778e-01 9.433981132056602492e-01 9.514367688573801551e-01 4.999999999999981681e-01 6.558017516067028680e-08 8.346826820282321480e-01 2.581418859840046987e-02 3.221430287762538369e-01 1.205286658367354068e-02
2.250000000000000000e+00 6.250000000000000000e-01 9.013878188659971702e-01 9.097977385846619525e-01 4.999999999999971134e-01 6.168843328295265167e-08 8.347582856230815196e-01 2.575545677383882584e-02 3.314839794974823728e-01 1.191142838690499930e-02
2.250000000000000000e+00 6.500000000000000222e-01 8.602325267042623125e-01 8.690408075192835868e-01 4.999999999999990008e-01 5.775769403014033253e-08 8.349621436882203040e-01 2.569455160724759546e-02 3.417773914053474638e-01 1.178334195879627427e-02
2.250000000000000000e+00 6.750000000000000444e-01 8.200609733428361192e-01 8.292960419137251904e-01 4.999999999999967804e-01 5.379020767117511372e-08 8.348131574628828711e-01 2.563149877219645517e-02 3.531301155612816545e-01 1.166824222888414309e-02
2.250000000000000000e+00 6.999999999999999556e-01 7.810249675906655309e-01 7.907160837707616352e-01 4.999999999999982236e-01 4.978829340468628234e-08 8.347253124487138409e-01 2.556632472346900137e-02 3.656600361963842638e-01 1.156564876038590137e-02
2.250000000000000000e+00 7.249999999999999778e-01 7.433034373659253013e-01 7.534798770596147222e-01 5.000000000000003331e-01 4.575433539213327249e-08 8.346870604663871873e-01 2.549905667312818772e-02 3.794949823631503794e-01 1.147498346232216776e-02
2.250000000000000000e+00 7.500000000000000000e-01 7.071067811865475727e-01 7.177965764294012008e-01 5.000000000000747180e-01 4.169077897426943359e-08 8.346859537192312661e-01 2.542972256605722722e-02 3.947700247593392553e-01 1.133103039239902188e-02
2.250000000000000000e+00 7.750000000000000222e-01 6.726812023536854479e-01 6.839092959843191544e-01 5.000000000019565460e-01 3.760012644807281869e-08 8.347093171155955948e-01 2.535835105500427317e-02 4.116223144187478589e-01 1.061750423205476065e-02
2.250000000000000000e+00 8.000000000000000444e-01 6.403124237432846755e-01 6.520980947171752806e-01 5.000000000432511804e-01 3.348493268685774959e-08 8.347449796039103642e-01 2.528497147517602683e-02 4.301824020693652550e-01 9.931363544589986297e-03
2.250000000000000000e+00 8.249999999999999556e-01 6.103277807866851479e-01 6.226812387841549334e-01 5.000000008353545633e-01 2.934780044895571019e-08 8.347819905646164385e-01 2.520961381841091073e-02 4.505608854383481021e-01 9.280377479791762987e-03
2.250000000000000000e+00 8.500000000000000888e-01 5.830951894845298744e-01 5.960133598618198025e-01 5.000000140654849989e-01 2.519137570848542324e-08 8.348114089293978690e-01 2.513230870697119243e-02 4.728294880551908719e-01 8.673987919370323985e-03
2.250000000000000000e+00 8.750000000000000000e-01 5.590169943749473402e-01 5.724787551811593156e-01 5.000002045169076315e-01 2.101834247811580696e-08 8.348269633374512111e-01 2.505308736699447814e-02 4.969966121064230968e-01 8.123531990613185039e-03
2.250000000000000000e+00 9.000000000000000222e-01 5.385164807134503739e-01 5.524779861078370491e-01 5.000025172388036232e-01 1.683141779969276971e-08 8.348255356073468469e-01 2.497198160163868058e-02 5.229793773804557455e-01 7.642260921503833855e-03
2.250000000000000000e+00 9.250000000000000444e-01 5.220153254455274228e-01 5.364064924418524560e-01 5.000252069622237450e-01 1.263334644773196022e-08 8.348074072060905904e-01 2.488902376395896870e-02 5.505772015900227689e-01 7.244931866629053703e-03
2.250000000000000000e+00 9.499999999999999556e-01 5.099019513592785158e-01 5.246255094195968471e-01 5.001912166333923881e-01 8.426895551189456515e-09 8.347762368377361630e-01 2.480424672955730547e-02 5.794552937256165492e-01 6.946711644962301827e-03
2.250000000000000000e+00 9.750000000000000888e-01 5.024937810560444751e-01 5.174281835518551587e-01 5.010062700681041647e-01 4.214849378676926582e-09 8.347387720805563571e-01 2.471768386903951120e-02 6.091479882185664163e-01 6.761260515712037150e-03
2.250000000000000000e+00 1.000000000000000000e+00 5.000000000000000000e-01 5.150067233869577432e-01 5.035678124463172090e-01 3.770047852307853747e-12 8.347043322158512746e-01 2.462936902031690606e-02 6.390890018196784261e-01 1.752821976743940382e-05
2.250000000000000000e+00 1.024999999999999911e+00 5.024937810560444751e-01 5.174281835518541595e-01 5.090994402479103176e-01 4.214849409598987633e-09 8.346841262263388073e-01 2.453933646079405756e-02 6.686674050086574006e-01 6.761260516213478920e-03
2.250000000000000000e+00 1.050000000000000044e+00 5.099019513592785158e-01 5.246255094195968471e-01 5.183690139601745406e-01 8.426895584320222151e-09 8.346904281668033887e-01 2.444762087947360135e-02 6.972973503775544701e-01 6.946711645937722092e-03
2.250000000000000000e+00 1.075000000000000178e+00 5.220153254455274228e-01 5.364064924418524560e-01 5.316405716131775705e-01 1.263334648307146518e-08 8.347359394325495341e-01 2.435425734902053191e-02 7.244827665848476705e-01 7.244931868030222814e-03
2.250000000000000000e+00 1.100000000000000089e+00 5.385164807134504850e-01 5.524779861078366050e-01 5.488519750676700282e-01 1.683141783061479933e-08 8.348330017913866419e-01 2.425928129781636591e-02 7.489462649212954570e-01 7.642260923271136305e-03
2.250000000000000000e+00 1.125000000000000000e+00 5.590169943749474513e-01 5.724787551811593156e-01 5.697619040191941320e-01 2.101834246486350666e-08 8.349929717577584398e-01 2.416272848204652213e-02 7.700394831293693176e-01 8.123531992686144898e-03
2.250000000000000000e+00 1.149999999999999911e+00 5.830951894845298744e-01 5.960133598618153616e-01 5.940415277673771755e-01 2.519137573499005692e-08 8.352257917891101613e-01 2.406463495784570000e-02 7.860334224154023053e-01 8.673987921692282582e-03
2.250000000000000000e+00 1.175000000000000044e+00 6.103277807866851479e-01 6.226812387841549334e-01 6.213305724843677380e-01 2.934780049754751875e-08 8.355396888422219615e-01 2.396503705354662700e-02 8.005693666013810050e-01 9.280377482313414278e-03
2.250000000000000000e+00 1.200000000000000178e+00 6.403124237432846755e-01 6.520980947171752806e-01 6.512713121339352984e-01 3.348493270011004327e-08 8.352717601206350873e-01 2.386397134205594725e-02 8.136520490071278422e-01 9.931363547270099373e-03
2.250000000000000000e+00 1.225000000000000089e+00 6.726812023536853369e-01 6.839092959843213748e-01 6.835280022355192386e-01 3.760012647016006306e-08 8.349289874662175759e-01 2.376147461339817024e-02 8.246047404953696924e-01 1.061750423485893421e-02
2.250000000000000000e+00 1.250000000000000000e+00 7.071067811865475727e-01 7.177965764294012008e-01 7.177965764294014228e-01 4.169077898752168756e-08 8.347308934284469739e-01 2.365758384745467180e-02 8.347308933445332091e-01 1.133103039529895217e-02
2.250000000000000000e+00 1.274999999999999911e+00 7.433034373659250793e-01 7.534798770596129458e-01 7.538080596293110780e-01 4.575433541422045730e-08 8.346862629350527696e-01 2.355233618692993344e-02 8.439558188825184715e-01 1.147498346266198274e-02
2.250000000000000000e+00 1.300000000000000044e+00 7.810249675906655309e-01 7.907160837707616352e-01 7.913281935594025374e-01 4.978829343119088294e-08 8.347990699464991060e-01 2.344576891057972498e-02 8.519715715436837478e-01 1.156564876077207510e-02
2.250000000000000000e+00 1.325000000000000178e+00 8.200609733428363413e-01 8.292960419137251904e-01 8.301549993870752653e-01 5.379020771755807543e-08 8.350695577344304787e-01 2.333791940672211643e-02 8.595078516688615666e-01 1.166824222931910071e-02
2.250000000000000000e+00 1.350000000000000089e+00 8.602325267042620904e-01 8.690408075192824766e-01 8.701153982306216728e-01 5.775769403676651907e-08 8.351286886401256826e-01 2.322882514706712392e-02 8.663114654375906332e-01 1.178334195928236461e-02
2.250000000000000000e+00 1.375000000000000000e+00 9.013878188659973922e-01 9.097977385846619525e-01 9.110615696397479368e-01 6.168843331387478055e-08 8.347718797395408119e-01 2.311852366089229421e-02 8.726633675542730950e-01 1.191142838744381136e-02
2.250000000000000000e+00 1.399999999999999911e+00 9.433981132056602492e-01 9.514367688573788229e-01 9.528674284323370713e-01 6.558017515183548170e-08 8.346863259914608646e-01 2.300705250958162348e-02 8.784071152455930065e-01 1.205286658426647436e-02
2.250000000000000000e+00 1.425000000000000044e+00 9.861541461658009933e-01 9.938470330658391028e-01 9.954254088965073244e-01 6.943074148913308026e-08 8.348505392298336547e-01 2.289444926156709165e-02 8.838666690014115312e-01 1.220789223769240713e-02
2.250000000000000000e+00 1.450000000000000178e+00 1.029563014098699991e+00 1.036933905865637495e+00 1.038643630270264850e+00 7.323802945411249125e-08 8.347417335830819018e-01 2.278075146768240161e-02 8.887708439567328922e-01 1.237660178106475550e-02
2.250000000000000000e+00 1.475000000000000089e+00 1.073545527679194533e+00 1.080616456072074349e+00 1.082443452570283071e+00 7.700001455104671944e-08 8.347066263980266188e-01 2.266599663696412109e-02 8.934131272617698016e-01 1.255894689156324996e-02
2.250000000000000000e+00 1.500000000000000000e+00 1.118033988749894903e+00 1.124825286492871834e+00 1.126757398375479280e+00 8.071475300360521953e-08 8.347230059713326433e-01 2.255022221291207857e-02 8.977446479672843704e-01 1.275473335365018279e-02
