1.649999999999999911e+00 5.000000000000000000e-01 1.220655561573370296e+00 9.999999999999994449e-01 6.999999999999959588e-01 1.568072083756611992e-07 5.535470969783083950e-01 3.459663785402576630e-02 3.886814502451629294e-01 2.088104576791355999e-02
1.649999999999999911e+00 5.250000000000000222e-01 1.180042372120594152e+00 9.499999999999972911e-01 6.999999999999984013e-01 1.499968930365712285e-07 5.371591401578384994e-01 3.451000139668792405e-02 3.957257639528644066e-01 2.087572768302817933e-02
1.649999999999999911e+00 5.500000000000000444e-01 1.140175425099138051e+00 8.999999999999996891e-01 6.999999999999952927e-01 1.430398616034476735e-07 5.198861539680019739e-01 3.441949932233519943e-02 4.033592181237896646e-01 2.087228679781178917e-02
1.649999999999999911e+00 5.749999999999999556e-01 1.101135777277262084e+00 8.499999999999987566e-01 6.999999999999975131e-01 1.359409329700262383e-07 5.016655246822143699e-01 3.432518107269730279e-02 4.116229694454510701e-01 2.016939109049343745e-02
1.649999999999999911e+00 5.999999999999999778e-01 1.063014581273464820e+00 8.000000000000001554e-01 6.999999999999975131e-01 1.287053288252084142e-07 4.824309297111141759e-01 3.422709792332467166e-02 4.205605377723292682e-01 1.904191252469538548e-02
1.649999999999999911e+00 6.250000000000000000e-01 1.025914226434159637e+00 7.499999999999940048e-01 6.999999999999998446e-01 1.213386683521331017e-07 4.621128640388656450e-01 3.412530292459887288e-02 4.302172775004498018e-01 1.791038638096435764e-02
1.649999999999999911e+00 6.500000000000000222e-01 9.899494936611661355e-01 6.999999999999961808e-01 7.000000000000006217e-01 1.138469607582927075e-07 4.406395458462787906e-01 3.401985084108223589e-02 4.406395455754328339e-01 1.677815039712602166e-02
1.649999999999999911e+00 6.750000000000000444e-01 9.552486587271399321e-01 6.499999999999998002e-01 6.999999999999989564e-01 1.062365950535826560e-07 4.179383304957395295e-01 3.391079808931796169e-02 4.518734731488566747e-01 1.564860357062737226e-02
1.649999999999999911e+00 6.999999999999999556e-01 9.219544457292888628e-01 5.999999999999954259e-01 6.999999999999972911e-01 9.851432827341398002e-08 3.939377842842760047e-01 3.379820267419728075e-02 4.639632364259294595e-01 1.452524096035152923e-02
1.649999999999999911e+00 7.249999999999999778e-01 8.902246907382427299e-01 5.499999999999980460e-01 7.000000000000019540e-01 9.068727080840673284e-08 3.685705826843358457e-01 3.368212412400628519e-02 4.769487200025660512e-01 1.341172833454599284e-02
1.649999999999999911e+00 7.500000000000000000e-01 8.602325267042625345e-01 5.000000000000003331e-01 7.000000000000534683e-01 8.276286964904814042e-08 3.417773911678338439e-01 3.356262342427385192e-02 4.908624816126210266e-01 1.231203838994794457e-02
1.649999999999999911e+00 7.750000000000000222e-01 8.321658488546617161e-01 4.499999999999985123e-01 7.000000000013978374e-01 7.474888954974404737e-08 3.135118442025655039e-01 3.343976295053502357e-02 5.057259724248607258e-01 1.123068292636765844e-02
1.649999999999999911e+00 8.000000000000000444e-01 8.062257748298551352e-01 3.999999999999941935e-01 7.000000000308919113e-01 6.665339174118798504e-08 2.837466396246267619e-01 3.331360640013306118e-02 5.215450553707968728e-01 1.017309661246621269e-02
1.649999999999999911e+00 8.249999999999999556e-01 7.826237921249263874e-01 3.500000000000025313e-01 7.000000005966825478e-01 5.848471096852352226e-08 2.524805913984537464e-01 3.318421872317954546e-02 5.383050068946070299e-01 9.146263348456180539e-03
1.649999999999999911e+00 8.500000000000000888e-01 7.615773105863903325e-01 2.999999999999998779e-01 7.000000100467759223e-01 5.025143027661434773e-08 2.197462231930092935e-01 3.305166605278954395e-02 5.559653867876566125e-01 8.159732292172700366e-03
1.649999999999999911e+00 8.750000000000000000e-01 7.433034373659254124e-01 2.500000000000006661e-01 7.000001460835214573e-01 4.196235411668661278e-08 1.856171521230126076e-01 3.291601563471828473e-02 5.744553974418082909e-01 7.227246335567620236e-03
1.649999999999999911e+00 9.000000000000000222e-01 7.280109889280519386e-01 1.999999999999975686e-01 7.000017980299311215e-01 3.362648004380975531e-08 1.502141626340544600e-01 3.277733575651534115e-02 5.936705769592743875e-01 6.369253198396752219e-03
1.649999999999999911e+00 9.250000000000000444e-01 7.158910531638177366e-01 1.499999999999974687e-01 7.000180051953078797e-01 2.525296865623803566e-08 1.137086139253433159e-01 3.263569567631677965e-02 6.134717939122006358e-01 5.616356995876642735e-03
1.649999999999999911e+00 9.499999999999999556e-01 7.071067811865477948e-01 9.999999999999731326e-02 7.001365960990699744e-01 1.685111267335032285e-08 7.632180928427578781e-02 3.249116555139432844e-02 6.336874302357355937e-01 5.012563827236896433e-03
1.649999999999999911e+00 9.750000000000000888e-01 7.017834423809099498e-01 4.999999999999830969e-02 7.007191182260930074e-01 8.430305359810604206e-09 3.831932041556546098e-02 3.234381636658063830e-02 6.541192726712217187e-01 4.613765543384058809e-03
1.649999999999999911e+00 1.000000000000000000e+00 7.000000000000001776e-01 2.158110334530164202e-10 7.025528746877109931e-01 7.541596528856027339e-12 3.432160728933375538e-05 3.219371986268461383e-02 6.745519880033132853e-01 4.473160242259450678e-03
1.649999999999999911e+00 1.024999999999999911e+00 7.017834423809097277e-01 5.000000000000011380e-02 7.065283009623424260e-01 8.430305399567544805e-09 3.831932056841652612e-02 3.204094846501219507e-02 6.947652682563312254e-01 4.613765544492070061e-03
1.649999999999999911e+00 1.050000000000000044e+00 7.071067811865477948e-01 9.999999999999731326e-02 7.132365909248103986e-01 1.685111269543754075e-08 7.632180943524413674e-02 3.188557521210653306e-02 7.145470454172413444e-01 5.012563829281023453e-03
1.649999999999999911e+00 1.075000000000000178e+00 7.158910531638177366e-01 1.499999999999974687e-01 7.229396222266331051e-01 2.525296867832520062e-08 1.137086140732913031e-01 3.172767368481605593e-02 7.337058511393975690e-01 5.616356998624004102e-03
1.649999999999999911e+00 1.100000000000000089e+00 7.280109889280520497e-01 1.999999999999992339e-01 7.356891262861566805e-01 3.362648007473187096e-08 1.502141627780027022e-01 3.156731793579956036e-02 7.520805756699744382e-01 6.369253201643173580e-03
1.649999999999999911e+00 1.125000000000000000e+00 7.433034373659254124e-01 2.500000000000006661e-01 7.514177448474144150e-01 4.196235416086096917e-08 1.856171522621733461e-01 3.140458241957428537e-02 7.695465006901376359e-01 7.227246339165129679e-03
1.649999999999999911e+00 1.149999999999999911e+00 7.615773105863909986e-01 2.999999999999986011e-01 7.699904783256716900e-01 5.025143030311900127e-08 2.197462233267998832e-01 3.123954192320677059e-02 7.859999544427547225e-01 8.159732296021831449e-03
1.649999999999999911e+00 1.175000000000000044e+00 7.826237921249266094e-01 3.500000000000025313e-01 7.912342764970139442e-01 5.848471098177588211e-08 2.524805915264888845e-01 3.107227149775056499e-02 8.005950575171771888e-01 9.146263352490609580e-03
1.649999999999999911e+00 1.200000000000000178e+00 8.062257748298551352e-01 3.999999999999941935e-01 8.149566381155859407e-01 6.665339177652747014e-08 2.837466397466993362e-01 3.090284639052153642e-02 8.133873668991778993e-01 1.017309661664028350e-02
1.649999999999999911e+00 1.225000000000000089e+00 8.321658488546619381e-01 4.499999999999988454e-01 8.409581023095505925e-01 7.474888957624864797e-08 3.135118443186164505e-01 3.073134197830767675e-02 8.246061864773239769e-01 1.123068293064969844e-02
1.649999999999999911e+00 1.250000000000000000e+00 8.602325267042627566e-01 5.000000000000003331e-01 8.690408075192828097e-01 8.276286967997020313e-08 3.417773912779255574e-01 3.055783370160146395e-02 8.347044889461272543e-01 1.231203839431362773e-02
1.649999999999999911e+00 1.274999999999999911e+00 8.902246907382425078e-01 5.499999999999991562e-01 8.990142327917298726e-01 9.068727082607642246e-08 3.685705827886208152e-01 3.038239699993670190e-02 8.437572668704436119e-01 1.341172833897534382e-02
1.649999999999999911e+00 1.300000000000000044e+00 9.219544457292889739e-01 5.999999999999954259e-01 9.306988287958586348e-01 9.851432830875372982e-08 3.939377843829690584e-01 3.020510724841691738e-02 8.520072255831439012e-01 1.452524096482780622e-02
1.649999999999999911e+00 1.325000000000000178e+00 9.552486587271398211e-01 6.499999999999998002e-01 9.639280694156338036e-01 1.062365950889220617e-07 4.179383305890962408e-01 3.002603969550812074e-02 8.594930639211304513e-01 1.564860357513571387e-02
1.649999999999999911e+00 1.350000000000000089e+00 9.899494936611665796e-01 6.999999999999952927e-01 9.985493509276527346e-01 1.138469607671278170e-07 4.406395459345797128e-01 2.984526940217057875e-02 8.663067002506832370e-01 1.574613110758422627e-02
1.649999999999999911e+00 1.375000000000000000e+00 1.025914226434159637e+00 7.499999999999940048e-01 1.034424083088963275e+00 1.213386684070405302e-07 4.621128641224003242e-01 2.966287118239809353e-02 8.726014013923797386e-01 1.557252845850521338e-02
1.649999999999999911e+00 1.399999999999999911e+00 1.063014581273465042e+00 7.999999999999957145e-01 1.071427242591514783e+00 1.287053288517128957e-07 4.824309297901719917e-01 2.947891954523179300e-02 8.784110495227640536e-01 1.540314690991256494e-02
1.649999999999999911e+00 1.425000000000000044e+00 1.101135777277262306e+00 8.499999999999987566e-01 1.109446593882181364e+00 1.359409329954262682e-07 5.016655247570794840e-01 2.929348863830238958e-02 8.837797197466493726e-01 1.523779998516131690e-02
1.649999999999999911e+00 1.450000000000000178e+00 1.140175425099137829e+00 8.999999999999996891e-01 1.148381726910084666e+00 1.430398616299520226e-07 5.198861540389463354e-01 2.910665219296347875e-02 8.887661901763458383e-01 1.507630750398233216e-02
1.649999999999999911e+00 1.475000000000000089e+00 1.180042372120594596e+00 9.499999999999990674e-01 1.188143016649203521e+00 1.499968930586585126e-07 5.371591402251200131e-01 2.891848347106454331e-02 8.934089935551716710e-01 1.491849792687327883e-02
1.649999999999999911e+00 1.500000000000000000e+00 1.220655561573370296e+00 9.999999999999994449e-01 1.228650574733870737e+00 1.568072084010615468e-07 5.535470970421695336e-01 2.872905521340667762e-02 8.977368783575518929e-01 1.476420808307839921e-02
