1.725000000000000089e+00 5.000000000000000000e-01 1.141271221051332718e+00 9.999999999999975575e-01 5.499999999999987121e-01 1.430198641883605423e-07 5.831804184693820670e-01 3.331600840399973062e-02 3.179212847452181356e-01 1.951690923229874863e-02
1.725000000000000089e+00 5.250000000000000222e-01 1.097724920005006766e+00 9.500000000000006217e-01 5.499999999999996003e-01 1.367441004205928754e-07 5.679992536172676632e-01 3.323548069752320366e-02 3.245675535390384892e-01 1.852086220536851638e-02
1.725000000000000089e+00 5.500000000000000444e-01 1.054751155486449044e+00 9.000000000000006883e-01 5.499999999999986011e-01 1.303429368173809152e-07 5.519258337409655990e-01 3.315134922216943225e-02 3.318439340802168958e-01 1.751699686917762913e-02
1.725000000000000089e+00 5.749999999999999556e-01 1.012422836565829209e+00 8.500000000000007550e-01 5.499999999999973799e-01 1.238206767487222503e-07 5.348791182800961552e-01 3.306365851664087863e-02 3.398110487793716272e-01 1.650773249464701498e-02
1.725000000000000089e+00 5.999999999999999778e-01 9.708243919473796835e-01 7.999999999999987121e-01 5.499999999999947153e-01 1.171819464639241136e-07 5.167689804657862318e-01 3.297245478370235128e-02 3.485365556287033928e-01 1.549542214753475526e-02
1.725000000000000089e+00 6.250000000000000000e-01 9.300537618869135770e-01 7.500000000000015543e-01 5.499999999999976019e-01 1.104316896934952977e-07 4.974955372165555390e-01 3.287778583848437186e-02 3.580955271306322518e-01 1.448231241439089725e-02
1.725000000000000089e+00 6.500000000000000222e-01 8.902246907382416197e-01 6.999999999999979572e-01 5.499999999999968248e-01 1.035751604752279119e-07 4.769487202875722920e-01 3.277970105530471356e-02 3.685705823813365534e-01 1.347050270072799524e-02
1.725000000000000089e+00 6.750000000000000444e-01 8.514693182963195550e-01 6.499999999999993561e-01 5.499999999999960476e-01 9.661791442092480862e-08 4.550082904479911261e-01 3.267825131311449804e-02 3.800515971122119252e-01 1.246190518200463414e-02
1.725000000000000089e+00 6.999999999999999556e-01 8.139410298049851722e-01 5.999999999999947597e-01 5.499999999999977129e-01 8.956579818964631392e-08 4.315445933907769427e-01 3.257348893965997250e-02 3.926347393652513951e-01 1.145820661489540745e-02
1.725000000000000089e+00 7.249999999999999778e-01 7.778174593052021857e-01 5.499999999999941602e-01 5.500000000000000444e-01 8.242493730165922514e-08 4.064204822705241860e-01 3.246546765446101795e-02 4.064204819403283708e-01 1.046083331770105221e-02
1.725000000000000089e+00 7.500000000000000000e-01 7.433034373659250793e-01 5.000000000000035527e-01 5.500000000000675460e-01 7.520172222406036936e-08 3.794949821513790011e-01 3.235424251070935509e-02 4.215101343803024925e-01 9.470920693419659225e-03
1.725000000000000089e+00 7.750000000000000222e-01 7.106335201775945132e-01 4.500000000000008438e-01 5.500000000017782886e-01 6.790279286005267331e-08 3.506294238409546904e-01 3.223986983618554181e-02 4.380003400829363125e-01 8.489288684294099899e-03
1.725000000000000089e+00 8.000000000000000444e-01 6.800735254367717975e-01 4.000000000000037415e-01 5.500000000393198141e-01 6.053502146781960797e-08 3.196968739638710866e-01 3.212240717329769429e-02 4.559749480243559527e-01 7.516424499330071930e-03
1.725000000000000089e+00 8.249999999999999556e-01 6.519202405202647599e-01 3.500000000000017542e-01 5.500000007594130214e-01 5.310549417299838969e-08 2.865956296820352245e-01 3.200191321834657682e-02 4.754937823546706577e-01 6.552473833935697038e-03
1.725000000000000089e+00 8.500000000000000888e-01 6.264982043070830287e-01 3.000000000000055955e-01 5.500000127868052147e-01 4.562149094278181569e-08 2.512671641049000759e-01 3.187844776012004055e-02 4.965782271267350501e-01 5.597241593820345522e-03
1.725000000000000089e+00 8.750000000000000000e-01 6.041522986797285277e-01 2.500000000000028311e-01 5.500001859244680880e-01 3.809046432479397758e-08 2.137179981549712782e-01 3.175207161791986088e-02 5.191943605888389435e-01 4.650202839505032312e-03
1.725000000000000089e+00 9.000000000000000222e-01 5.852349955359810174e-01 2.000000000000055345e-01 5.500022883999100554e-01 3.052001714786756742e-08 1.740433945085173573e-01 3.162284657912420305e-02 5.432356776180724545e-01 3.710524288027037751e-03
1.725000000000000089e+00 9.250000000000000444e-01 5.700877125495686926e-01 1.500000000000037970e-01 5.500229155204487963e-01 2.291787906545300684e-08 1.324486483846186169e-01 3.149083533639090993e-02 5.685090462805975076e-01 2.777096265539423514e-03
1.725000000000000089e+00 9.499999999999999556e-01 5.590169943749473402e-01 1.000000000000117739e-01 5.501738390701538250e-01 1.529188230830681514e-08 8.926175083521337150e-02 3.135610142460076855e-02 5.947288455000484531e-01 1.848574573835333815e-03
1.725000000000000089e+00 9.750000000000000888e-01 5.522680508593629245e-01 5.000000000002537137e-02 5.509149504665425967e-01 7.649937273734192095e-09 4.493059325329146203e-02 3.121870915764574789e-02 6.215242083152626718e-01 9.234319661544764662e-04
1.725000000000000089e+00 1.000000000000000000e+00 5.499999999999996003e-01 5.184753540278625161e-08 5.532454624594467241e-01 6.843395753820766305e-12 4.027819473068072753e-05 3.107872356515908874e-02 6.484620049279310461e-01 3.538802451992853482e-06
1.725000000000000089e+00 1.024999999999999911e+00 5.522680508593629245e-01 5.000000000002693956e-02 5.582850885172692124e-01 7.649937295200182464e-09 4.493059343220279223e-02 3.093621032928978859e-02 6.750836798029141717e-01 9.234319698504982535e-04
1.725000000000000089e+00 1.050000000000000044e+00 5.590169943749473402e-01 1.000000000000117739e-01 5.667507694163689269e-01 1.529188233481143559e-08 8.926175101058492212e-02 3.079123572161616973e-02 7.009489725327026077e-01 1.848574577541718840e-03
1.725000000000000089e+00 1.075000000000000178e+00 5.700877125495688036e-01 1.500000000000037970e-01 5.789142400953595224e-01 2.291787908754017842e-08 1.324486485544424386e-01 3.064386654029556400e-02 7.256765892488593606e-01 2.777096269262448007e-03
1.725000000000000089e+00 1.100000000000000089e+00 5.852349955359807954e-01 2.000000000000051736e-01 5.947591870124246949e-01 3.052001715228504276e-08 1.740433946712330315e-01 3.049417004754454569e-02 7.489728963126627281e-01 3.710524291772346502e-03
1.725000000000000089e+00 1.125000000000000000e+00 6.041522986797285277e-01 2.500000000000028311e-01 6.141079931669810588e-01 3.809046436455094465e-08 2.137179983095164881e-01 3.034221390753882863e-02 7.693432178536350197e-01 4.650202843277934442e-03
1.725000000000000089e+00 1.149999999999999911e+00 6.264982043070832507e-01 3.000000000000024869e-01 6.366987802031701671e-01 4.562149096431687399e-08 2.512671642506862923e-01 3.018806612482561116e-02 7.859847608786442175e-01 5.597241597624371193e-03
1.725000000000000089e+00 1.175000000000000044e+00 6.519202405202646489e-01 3.500000000000017542e-01 6.622323461623960128e-01 5.310549420833777554e-08 2.865956298188743756e-01 3.003179498333139602e-02 8.005990500394429832e-01 6.552473837773904568e-03
1.725000000000000089e+00 1.200000000000000178e+00 6.800735254367719085e-01 4.000000000000037415e-01 6.904015657634725578e-01 6.053502150315917249e-08 3.196968740918827989e-01 2.987346898605146642e-02 8.133888203055883448e-01 7.516424503203681697e-03
1.725000000000000089e+00 1.225000000000000089e+00 7.106335201775945132e-01 4.500000000000045075e-01 7.209095157092052508e-01 6.790279288213998385e-08 3.506294239604721974e-01 2.971315679550180777e-02 8.246135886562278028e-01 8.489288688203229863e-03
1.725000000000000089e+00 1.250000000000000000e+00 7.433034373659250793e-01 5.000000000000035527e-01 7.534798770596068396e-01 7.520172225498239236e-08 3.794949822628707614e-01 2.955092717501245358e-02 8.346870456558135309e-01 9.470920697363416005e-03
1.725000000000000089e+00 1.274999999999999911e+00 7.778174593052020747e-01 5.500000000000008216e-01 7.878620378988340223e-01 8.242493733092468992e-08 4.064204823745291018e-01 2.938684893093289688e-02 8.437995925473472658e-01 1.046083332167611207e-02
1.725000000000000089e+00 1.300000000000000044e+00 8.139410298049851722e-01 5.999999999999947597e-01 8.238326953465644475e-01 8.956579822056842957e-08 4.315445934878593404e-01 2.922099085582934019e-02 8.519897046684887787e-01 1.145820661889839810e-02
1.725000000000000089e+00 1.325000000000000178e+00 8.514693182963198881e-01 6.499999999999993561e-01 8.611952873810648779e-01 9.661791444356421259e-08 4.550082905387100585e-01 2.905342167273222698e-02 8.594574733462269078e-01 1.246190518603017966e-02
1.725000000000000089e+00 1.350000000000000089e+00 8.902246907382420638e-01 7.000000000000028422e-01 8.997781983566999209e-01 1.035751604973152092e-07 4.769487203724636637e-01 2.888420998050898747e-02 8.663396677511638888e-01 1.347050270476969971e-02
1.725000000000000089e+00 1.375000000000000000e+00 9.300537618869135770e-01 7.500000000000015543e-01 9.394323731245558529e-01 1.104316897199998056e-07 4.974955372961197275e-01 2.871342420041448490e-02 8.726173985588804305e-01 1.448231241844206811e-02
1.725000000000000089e+00 1.399999999999999911e+00 9.708243919473795724e-01 8.000000000000013767e-01 9.800287425209832648e-01 1.171819465036809284e-07 5.167689805404832581e-01 2.854113252388323918e-02 8.784088208309991375e-01 1.518841059357608006e-02
1.725000000000000089e+00 1.425000000000000044e+00 1.012422836565829209e+00 8.500000000000007550e-01 1.021455698832200332e+00 1.238206767344000084e-07 5.348791183503465163e-01 2.836740286161406471e-02 8.837838954401866509e-01 1.502013830086183256e-02
1.725000000000000089e+00 1.450000000000000178e+00 1.054751155486449044e+00 9.000000000000006883e-01 1.063616749915585302e+00 1.303429368306333015e-07 5.519258338071488801e-01 2.819230279399791844e-02 8.887674857022310748e-01 1.485588255638936248e-02
1.725000000000000089e+00 1.475000000000000089e+00 1.097724920005007432e+00 9.499999999999958478e-01 1.106428410703682363e+00 1.367441004603502462e-07 5.679992536797255909e-01 2.801589952293783575e-02 8.934116089987524933e-01 1.469548383178255653e-02
1.725000000000000089e+00 1.500000000000000000e+00 1.141271221051332718e+00 9.999999999999975575e-01 1.149818348607233309e+00 1.430198642281177807e-07 5.831804185284216180e-01 2.783825982509840688e-02 8.977354576139651154e-01 1.453878619626347742e-02
