1.600000000000000089e+00 5.000000000000000000e-01 1.280624847486569351e+00 9.999999999999954481e-01 7.999999999999971578e-01 1.670144877409261711e-07 5.361469196423636063e-01 3.549081796117138643e-02 4.314101286083081299e-01 2.086197784726898444e-02
1.600000000000000089e+00 5.250000000000000222e-01 1.241974234837421642e+00 9.500000000000000666e-01 7.999999999999950484e-01 1.598157256727401571e-07 5.191904868848187249e-01 3.539979265988119073e-02 4.384617778049637593e-01 2.085458489573214710e-02
1.600000000000000089e+00 5.500000000000000444e-01 1.204159457879229400e+00 8.999999999999973577e-01 7.999999999999982681e-01 1.524535942145561251e-07 5.013779250654235575e-01 3.530471429172507558e-02 4.460552275728476568e-01 2.085189634648607765e-02
1.600000000000000089e+00 5.749999999999999556e-01 1.167261752992875046e+00 8.499999999999974243e-01 7.999999999999992673e-01 1.449332818706594276e-07 4.826594984185680337e-01 3.520563590843914237e-02 4.542195896513081532e-01 2.085272847839774249e-02
1.600000000000000089e+00 5.999999999999999778e-01 1.131370849898475583e+00 7.999999999999971578e-01 7.999999999999959366e-01 1.372604458563896164e-07 4.629843745298319879e-01 3.510261251959844592e-02 4.629843742877220447e-01 2.085596535785557218e-02
1.600000000000000089e+00 6.250000000000000000e-01 1.096585609973065090e+00 7.500000000000004441e-01 7.999999999999978240e-01 1.294412068662393469e-07 4.423014571047058641e-01 3.499570102814252015e-02 4.723788090414360319e-01 2.086057853557538033e-02
1.600000000000000089e+00 6.500000000000000222e-01 1.063014581273464820e+00 6.999999999999941824e-01 7.999999999999974909e-01 1.214821414731007078e-07 4.205605380325992404e-01 3.488496016410863598e-02 4.824309294617554200e-01 2.002633407928563342e-02
1.600000000000000089e+00 6.750000000000000444e-01 1.030776406404414924e+00 6.500000000000003553e-01 7.999999999999971578e-01 1.133902716349204805e-07 3.977138365196702940e-01 3.477045041668754000e-02 4.931664007037011022e-01 1.885454566954212346e-02
1.600000000000000089e+00 6.999999999999999556e-01 9.999999999999997780e-01 6.000000000000003109e-01 7.999999999999987121e-01 1.051730512687286384e-07 3.737179909174611070e-01 3.465223396473514350e-02 5.046070345421472814e-01 1.769397946827966361e-02
1.600000000000000089e+00 7.249999999999999778e-01 9.708243919473795724e-01 5.499999999999993783e-01 7.999999999999994893e-01 9.683835016674821200e-08 3.485365559146686443e-01 3.453037460586470819e-02 5.167689802081402162e-01 1.655063849477108467e-02
1.600000000000000089e+00 7.500000000000000000e-01 9.433981132056602492e-01 4.999999999999985567e-01 8.000000000000465628e-01 8.839443506767955406e-08 3.221430285296136842e-01 3.440493768425111065e-02 5.296605935399062437e-01 1.543125408792146713e-02
1.600000000000000089e+00 7.750000000000000222e-01 9.178779875342906180e-01 4.499999999999962919e-01 8.000000000012210677e-01 7.984994788757036583e-08 2.945243750250292614e-01 3.427599001728101613e-02 5.432800304529668001e-01 1.434356240932443960e-02
1.600000000000000089e+00 8.000000000000000444e-01 8.944271909999157444e-01 3.999999999999945821e-01 8.000000000270324207e-01 7.121388139298827801e-08 2.656849528994359999e-01 3.414359982117523562e-02 5.576126695171873537e-01 1.329668550458063501e-02
1.600000000000000089e+00 8.249999999999999556e-01 8.732124598286489237e-01 3.500000000000000888e-01 8.000000005220937460e-01 6.249555218839428421e-08 2.356506169293401398e-01 3.400783663572570781e-02 5.726285427849795440e-01 1.230163054227833078e-02
1.600000000000000089e+00 8.500000000000000888e-01 8.544003745317527709e-01 2.999999999999993783e-01 8.000000087909284741e-01 5.370457156989306678e-08 2.044726730405531101e-01 3.386877124827009089e-02 5.882800362483983081e-01 1.137189493181900088e-02
1.600000000000000089e+00 8.750000000000000000e-01 8.381527307120102410e-01 2.499999999999981681e-01 8.000001278230848278e-01 4.485081371526889143e-08 1.722312173306349004e-01 3.372647561704605890e-02 6.045001956505040575e-01 1.052409927187407390e-02
1.600000000000000089e+00 9.000000000000000222e-01 8.246211251235318063e-01 1.999999999999991507e-01 8.000015732766663223e-01 3.594438233675264235e-08 1.390373019174396263e-01 3.358102279405529578e-02 6.212020159166514732e-01 9.778434902840506260e-03
1.600000000000000089e+00 9.250000000000000444e-01 8.139410298049847281e-01 1.499999999999995781e-01 8.000157545933781478e-01 2.699557519133300593e-08 1.050333465527907850e-01 3.343248684756387756e-02 6.382790749563929111e-01 9.158493228377162856e-03
1.600000000000000089e+00 9.499999999999999556e-01 8.062257748298546911e-01 9.999999999999659162e-02 8.001195243194560991e-01 1.801484723270473001e-08 7.039130645266250541e-02 3.328094278438389203e-02 6.556077713813470709e-01 8.689817829422356171e-03
1.600000000000000089e+00 9.750000000000000888e-01 8.015609770940693712e-01 5.000000000000140443e-02 8.006293041399061838e-01 9.012773128211662994e-09 3.530833621878576301e-02 3.312646647204992023e-02 6.730512344905434929e-01 8.396584078475077470e-03
1.600000000000000089e+00 1.000000000000000000e+00 7.999999999999996003e-01 3.724450198591639040e-12 8.022347173564379208e-01 8.062717713282295252e-12 3.161461384282304721e-05 3.296913456103064272e-02 6.904647161858216142e-01 8.296627592632863785e-03
1.600000000000000089e+00 1.024999999999999911e+00 8.015609770940697043e-01 5.000000000000026645e-02 8.057184620329436164e-01 9.012773174594755397e-09 3.530833635971636353e-02 3.280902440709984602e-02 7.077020020868246553e-01 8.396584079270234813e-03
1.600000000000000089e+00 1.050000000000000044e+00 8.062257748298546911e-01 9.999999999999659162e-02 8.116073155375329584e-01 1.801484727025293294e-08 7.039130659225129039e-02 3.264621399398395102e-02 7.246221657592776255e-01 8.689817830960929260e-03
1.600000000000000089e+00 1.075000000000000178e+00 8.139410298049849501e-01 1.499999999999995781e-01 8.201473632129707703e-01 2.699557521783761976e-08 1.050333466902065305e-01 3.248078185641813109e-02 7.410959016861147219e-01 9.158493230571475296e-03
1.600000000000000089e+00 1.100000000000000089e+00 8.246211251235320283e-01 1.999999999999962086e-01 8.314075357703258895e-01 3.594438239417939829e-08 1.390373020519406477e-01 3.231280700371942649e-02 7.570107407946324862e-01 9.778434905588492126e-03
1.600000000000000089e+00 1.125000000000000000e+00 8.381527307120103520e-01 2.499999999999981681e-01 8.453571004442878012e-01 4.485081376386074963e-08 1.722312174615906466e-01 3.214236884400482885e-02 7.722746587753319680e-01 1.052409927507565179e-02
1.600000000000000089e+00 1.149999999999999911e+00 8.544003745317526599e-01 3.000000000000011546e-01 8.619079630170523032e-01 5.370457160523256512e-08 2.044726731674554876e-01 3.196954710915150127e-02 7.868178713885388698e-01 1.137189493538645797e-02
1.600000000000000089e+00 1.175000000000000044e+00 8.732124598286489237e-01 3.500000000000000888e-01 8.809379548547908723e-01 6.249555223256864060e-08 2.356506170518077314e-01 3.179442178062512336e-02 8.005928947646265836e-01 1.230163054613797602e-02
1.600000000000000089e+00 1.200000000000000178e+00 8.944271909999157444e-01 3.999999999999945821e-01 9.023050049781702331e-01 7.121388143274511935e-08 2.656849530172089580e-01 3.161707301626548450e-02 8.134032629850008744e-01 1.329668550867233248e-02
1.600000000000000089e+00 1.225000000000000089e+00 9.178779875342906180e-01 4.500000000000002887e-01 9.258566464847994837e-01 7.984994793837103449e-08 2.945243751379554853e-01 3.143758107814338676e-02 8.246147201002044236e-01 1.434356241360032827e-02
1.600000000000000089e+00 1.250000000000000000e+00 9.433981132056602492e-01 4.999999999999985567e-01 9.514367688573763804e-01 8.839443512510629677e-08 3.221430286376348318e-01 3.125602626157904934e-02 8.346826819468808889e-01 1.543125409234121989e-02
1.600000000000000089e+00 1.274999999999999911e+00 9.708243919473796835e-01 5.499999999999969358e-01 9.788904896678186640e-01 9.683835021533988491e-08 3.485365560178044775e-01 3.107248882541754215e-02 8.437655689014578186e-01 1.644293783801883610e-02
1.600000000000000089e+00 1.300000000000000044e+00 9.999999999999997780e-01 6.000000000000003109e-01 1.008067611781066741e+00 1.051730512979937988e-07 3.737179910157942264e-01 3.088704892364656923e-02 8.519709767328214056e-01 1.625827985413201560e-02
1.600000000000000089e+00 1.325000000000000178e+00 1.030776406404414924e+00 6.500000000000003553e-01 1.038824972267874180e+00 1.133902716525905010e-07 3.977138366133285419e-01 3.069978653844715813e-02 8.594621988024770953e-01 1.607830115960915546e-02
1.600000000000000089e+00 1.350000000000000089e+00 1.063014581273464820e+00 6.999999999999990674e-01 1.071027920382110477e+00 1.214821414907705033e-07 4.205605381217437100e-01 3.051078141474912464e-02 8.663206122728940306e-01 1.590280119801225356e-02
1.600000000000000089e+00 1.375000000000000000e+00 1.096585609973065312e+00 7.500000000000004441e-01 1.104551123160190329e+00 1.294412068927437754e-07 4.423014571895207969e-01 3.032011299636946933e-02 8.726104908899739998e-01 1.573156897325608469e-02
1.600000000000000089e+00 1.399999999999999911e+00 1.131370849898475806e+00 7.999999999999984901e-01 1.139278866725466077e+00 1.372604458574939886e-07 4.629843746105140045e-01 3.012786036380207463e-02 8.784217447350362029e-01 1.556440390391993986e-02
1.600000000000000089e+00 1.425000000000000044e+00 1.167261752992875046e+00 8.499999999999974243e-01 1.175104993043930790e+00 1.449332819090360287e-07 4.826594984953209155e-01 2.993410217372556234e-02 8.837797808931988630e-01 1.540111560788533229e-02
1.600000000000000089e+00 1.450000000000000178e+00 1.204159457879229400e+00 8.999999999999973577e-01 1.211932585047941657e+00 1.524535942454780157e-07 5.013779251384523628e-01 2.973891660028467332e-02 8.887699395677929326e-01 1.524152354992314336e-02
1.600000000000000089e+00 1.475000000000000089e+00 1.241974234837421420e+00 9.499999999999968470e-01 1.249673488561022117e+00 1.598157256948273883e-07 5.191904869543242373e-01 2.954238127820182566e-02 8.934064885365031738e-01 1.508545667867346521e-02
1.600000000000000089e+00 1.500000000000000000e+00 1.280624847486569573e+00 9.999999999999954481e-01 1.288247738128764031e+00 1.670144877585961519e-07 5.361469197085412253e-01 2.934457324777069859e-02 8.977354209081154224e-01 1.493275305671333195e-02
