1.524999999999999911e+00 5.000000000000000000e-01 1.379311422413372235e+00 9.999999999999984457e-01 9.499999999999977351e-01 1.840845778448591144e-07 5.135060431248752444e-01 3.689678807209685607e-02 4.891752002668104948e-01 2.059158645867717810e-02
1.524999999999999911e+00 5.250000000000000222e-01 1.343502884254440310e+00 9.499999999999999556e-01 9.499999999999945155e-01 1.762499423107524676e-07 4.959718079686324943e-01 3.679865798507445801e-02 4.959718077603170738e-01 2.060829910908795748e-02
1.524999999999999911e+00 5.500000000000000444e-01 1.308625232830240126e+00 8.999999999999954703e-01 9.499999999999995115e-01 1.682224813244112434e-07 4.776413627512307025e-01 3.669617252552566378e-02 5.032301069861098153e-01 2.061120082078275739e-02
1.524999999999999911e+00 5.749999999999999556e-01 1.274754878398196345e+00 8.499999999999989786e-01 9.499999999999920730e-01 1.600079704197427396e-07 4.584818620605026762e-01 3.658939073688384502e-02 5.109650475371861900e-01 2.059633580585467152e-02
1.524999999999999911e+00 5.999999999999999778e-01 1.241974234837421420e+00 7.999999999999971578e-01 9.499999999999975131e-01 1.516127763030019267e-07 4.384617780353398109e-01 3.647837382458416627e-02 5.191904866693790588e-01 2.059084151623703784e-02
1.524999999999999911e+00 6.250000000000000000e-01 1.210371843691020244e+00 7.499999999999994449e-01 9.499999999999978462e-01 1.430438531907381511e-07 4.175517735914985318e-01 3.636318508229827856e-02 5.279185931847445445e-01 2.059265872391268654e-02
1.524999999999999911e+00 6.500000000000000222e-01 1.180042372120594596e+00 6.999999999999984013e-01 9.499999999999932943e-01 1.343087352383073265e-07 3.957257641974764040e-01 3.624388981614150296e-02 5.371591399387261045e-01 2.059977644368395783e-02
1.524999999999999911e+00 6.750000000000000444e-01 1.151086443322133945e+00 6.499999999999963585e-01 9.499999999999996225e-01 1.254155255537068541e-07 3.729621801841140893e-01 3.612055526699937957e-02 5.469186832549828292e-01 2.061027433419586330e-02
1.524999999999999911e+00 6.999999999999999556e-01 1.123610252712211377e+00 5.999999999999999778e-01 9.499999999999970690e-01 1.163728810545995562e-07 3.492454306864205549e-01 3.599325053112047146e-02 5.571996360419235739e-01 2.062237699780939890e-02
1.524999999999999911e+00 7.249999999999999778e-01 1.097724920005007432e+00 5.499999999999967137e-01 9.500000000000005107e-01 1.071899936702926109e-07 3.245675538024761497e-01 3.586204647912744070e-02 5.679992533955080525e-01 2.063450337477221522e-02
1.524999999999999911e+00 7.500000000000000000e-01 1.073545527679194311e+00 4.999999999999960032e-01 9.500000000000399236e-01 9.787656751272941263e-08 2.989300146866918362e-01 3.572701567359586744e-02 5.793085650934151065e-01 2.064530788078814544e-02
1.524999999999999911e+00 7.750000000000000222e-01 1.051189802081431868e+00 4.499999999999986233e-01 9.500000000010302426e-01 8.844279240217148799e-08 2.723455841427174784e-01 3.558823228535801242e-02 5.911113081567503924e-01 2.065371450175013460e-02
1.524999999999999911e+00 8.000000000000000444e-01 1.030776406404414924e+00 4.000000000000006883e-01 9.500000000227624142e-01 7.889931335879073664e-08 2.448401962589176195e-01 3.544577200868335304e-02 6.033829331460318635e-01 2.007850832758490203e-02
1.524999999999999911e+00 8.249999999999999556e-01 1.012422836565829654e+00 3.499999999999945377e-01 9.500000004396597086e-01 6.925719689841582433e-08 2.164546480454286881e-01 3.529971197549400252e-02 6.160897774149769468e-01 1.914699116506839160e-02
1.524999999999999911e+00 8.500000000000000888e-01 9.962429422585636907e-01 2.999999999999970468e-01 9.500000074028869257e-01 5.952789357946679100e-08 1.872459724329961217e-01 3.515013066876823689e-02 6.291885132231644917e-01 1.829821979077728145e-02
1.524999999999999911e+00 8.750000000000000000e-01 9.823441352194252074e-01 2.500000000000002220e-01 9.500001076404931410e-01 4.972319746910402629e-08 1.572882959957982996e-01 3.499710783528971886e-02 6.426259834849223918e-01 1.754604561911852004e-02
1.524999999999999911e+00 9.000000000000000222e-01 9.708243919473801276e-01 1.999999999999987343e-01 9.500013248649398223e-01 3.985520289099789467e-08 1.266729930555636763e-01 3.484072439789595577e-02 6.563395279684733907e-01 1.690465374659523567e-02
1.524999999999999911e+00 9.250000000000000444e-01 9.617692030835672812e-01 1.499999999999974687e-01 9.500132670639995780e-01 2.993625850386157907e-08 9.550797621094414547e-02 3.468106236738137393e-02 6.702578742219639230e-01 1.638789156427670687e-02
1.524999999999999911e+00 9.499999999999999556e-01 9.552486587271402652e-01 9.999999999999822919e-02 9.501006542452187231e-01 1.997891918065288784e-08 6.391602403484786254e-02 3.451820475420680490e-02 6.843026196928171379e-01 1.600832788667585008e-02
1.524999999999999911e+00 9.750000000000000888e-01 9.513148795220225384e-01 4.999999999999851785e-02 9.505300009192525490e-01 9.995896812129894789e-09 3.203213852959291286e-02 3.435223548016666517e-02 6.983902682399739659e-01 1.577613032417966160e-02
1.524999999999999911e+00 1.000000000000000000e+00 9.500000000000001776e-01 3.577530731953982669e-15 9.518826302291527597e-01 8.942351463146823124e-12 2.867263908928885385e-05 3.418323929016275908e-02 7.124347143103902935e-01 1.569795714082340005e-02
1.524999999999999911e+00 1.024999999999999911e+00 9.513148795220222054e-01 4.999999999999692191e-02 9.548205276703747302e-01 9.995896860721678542e-09 3.203213865752274625e-02 3.401130166423313450e-02 7.263500040571776450e-01 1.577613032480341265e-02
1.524999999999999911e+00 1.050000000000000044e+00 9.552486587271402652e-01 9.999999999999822919e-02 9.597949961497203031e-01 1.997891921157497371e-08 6.391602416189279268e-02 3.383650872997575471e-02 7.400531581163243278e-01 1.600832788790504738e-02
1.524999999999999911e+00 1.075000000000000178e+00 9.617692030835667261e-01 1.499999999999974687e-01 9.670272474884997749e-01 2.993625854361843364e-08 9.550797633654484198e-02 3.365894717551219661e-02 7.534668261696479963e-01 1.638789156607714861e-02
1.524999999999999911e+00 1.100000000000000089e+00 9.708243919473803496e-01 1.999999999999972911e-01 9.765953566015382892e-01 3.985520293958966022e-08 1.266729931792017760e-01 3.347870416312630909e-02 7.665215629535852004e-01 1.690465374892038963e-02
1.524999999999999911e+00 1.125000000000000000e+00 9.823441352194252074e-01 2.500000000000002220e-01 9.884981675610544638e-01 4.972319749560877247e-08 1.572882961170107285e-01 3.329586724371090545e-02 7.791575652532578555e-01 1.754604562191521000e-02
1.524999999999999911e+00 1.149999999999999911e+00 9.962429422585636907e-01 2.999999999999971023e-01 1.002689052853474649e+00 5.952789360210616850e-08 1.872459725513840323e-01 3.311052427215477323e-02 7.913257790327854480e-01 1.767350672167848635e-02
1.524999999999999911e+00 1.175000000000000044e+00 1.012422836565829432e+00 3.499999999999945377e-01 1.019093558170076186e+00 6.925719696136438806e-08 2.164546481606608452e-01 3.292276332379147352e-02 8.029883610091910207e-01 1.746760067093087315e-02
1.524999999999999911e+00 1.200000000000000178e+00 1.030776406404415368e+00 4.000000000000006883e-01 1.037619545887921824e+00 7.889931338308665912e-08 2.448401963707318996e-01 3.273267261203564871e-02 8.141185460266748830e-01 1.726740703798764626e-02
1.524999999999999911e+00 1.225000000000000089e+00 1.051189802081431868e+00 4.499999999999975131e-01 1.058163753792425554e+00 8.844279243088474023e-08 2.723455842509188152e-01 3.254034040731687560e-02 8.247000207811889805e-01 1.707262661520628916e-02
1.524999999999999911e+00 1.250000000000000000e+00 1.073545527679194533e+00 4.999999999999960032e-01 1.080616456072073905e+00 9.787656752819035795e-08 2.989300147911485572e-01 3.234585495742818562e-02 8.346883035067286238e-01 1.688296929184619419e-02
1.524999999999999911e+00 1.274999999999999911e+00 1.097724920005007210e+00 5.500000000000015987e-01 1.104864964944631600e+00 1.071899936853737943e-07 3.245675539031110945e-01 3.214930440938976175e-02 8.437560212341287391e-01 1.669818996122487964e-02
1.524999999999999911e+00 1.300000000000000044e+00 1.123610252712211599e+00 5.999999999999999778e-01 1.130796316726392359e+00 1.163728811031918114e-07 3.492454307832069116e-01 3.195077673293275633e-02 8.519734707989186084e-01 1.651803899694156974e-02
1.524999999999999911e+00 1.325000000000000178e+00 1.151086443322133501e+00 6.499999999999963585e-01 1.158299323580634699e+00 1.254155255548114909e-07 3.729621802770667904e-01 3.175035964569408037e-02 8.594566568686117236e-01 1.634228043148989659e-02
1.524999999999999911e+00 1.350000000000000089e+00 1.180042372120594152e+00 7.000000000000016209e-01 1.187266105908038494e+00 1.343087352913163689e-07 3.957257642866426339e-01 3.154814054021465308e-02 8.663102765413012163e-01 1.617069144970441005e-02
1.524999999999999911e+00 1.375000000000000000e+00 1.210371843691020466e+00 7.499999999999994449e-01 1.217593193014165909e+00 1.430438532216600418e-07 4.175517736769547295e-01 3.134420641282328196e-02 8.726176826991116631e-01 1.600306186692661281e-02
1.524999999999999911e+00 1.399999999999999911e+00 1.241974234837422086e+00 7.999999999999981570e-01 1.249182266991993639e+00 1.516127763515936129e-07 4.384617781171810114e-01 3.113864379448336162e-02 8.784087201287335001e-01 1.583919359771475410e-02
1.524999999999999911e+00 1.425000000000000044e+00 1.274754878398196345e+00 8.499999999999989786e-01 1.281940616673320932e+00 1.600079704550823306e-07 4.584818621388414006e-01 3.093153868367460452e-02 8.837909710650874162e-01 1.567890012020653479e-02
1.524999999999999911e+00 1.450000000000000178e+00 1.308625232830240126e+00 8.999999999999954703e-01 1.315781361283473005e+00 1.682224813597512579e-07 4.776413628261889088e-01 3.072297648137463366e-02 8.887668687632439557e-01 1.552200594057212557e-02
1.524999999999999911e+00 1.475000000000000089e+00 1.343502884254440310e+00 9.499999999999992895e-01 1.350623496024064840e+00 1.762499423217963479e-07 4.959718080403401341e-01 3.051304192820371297e-02 8.934067707328857688e-01 1.536834606138185941e-02
1.524999999999999911e+00 1.500000000000000000e+00 1.379311422413372235e+00 9.999999999999984457e-01 1.386391804214767820e+00 1.840845778492763912e-07 5.135060431934641567e-01 3.030181904377739904e-02 8.977372142412005651e-01 1.521776545712755571e-02
