1.899999999999999911e+00 5.000000000000000000e-01 1.019803902718556810e+00 1.000001258621779021e+00 1.999999999999954037e-01 1.166537146856765341e-07 6.667727690684408515e-01 3.058538022216468477e-02 1.234105254597749335e-01 1.466639077245823763e-02
1.899999999999999911e+00 5.250000000000000222e-01 9.708243919473795724e-01 9.500013248649402664e-01 1.999999999999979572e-01 1.114322230192194454e-07 6.563395281725101782e-01 3.051717567929643909e-02 1.266729927779580156e-01 1.400395113444162683e-02
1.899999999999999911e+00 5.500000000000000444e-01 9.219544457292886408e-01 9.000013984684360757e-01 1.999999999999967915e-01 1.061221674073295806e-07 6.453158195587767043e-01 3.044589914413182302e-02 1.303231358355692038e-01 1.335249027539055396e-02
1.899999999999999911e+00 5.749999999999999556e-01 8.732124598286490347e-01 8.500014807311485621e-01 1.999999999999965694e-01 1.007268391012436620e-07 6.336315136401446946e-01 3.037158572540071821e-02 1.344203013180396700e-01 1.271461937775843383e-02
1.899999999999999911e+00 5.999999999999999778e-01 8.246211251235318063e-01 8.000015732766647680e-01 1.999999999999992062e-01 9.524972667469368615e-08 6.212020161620743774e-01 3.029427186458689622e-02 1.390373016063338740e-01 1.209296881236724026e-02
1.899999999999999911e+00 6.250000000000000000e-01 7.762087348130011222e-01 7.500016781615518324e-01 1.999999999999960143e-01 8.969451149603608261e-08 6.079241516511486587e-01 3.021399529768530740e-02 1.442643113381591458e-01 1.149003341155285796e-02
1.899999999999999911e+00 6.500000000000000222e-01 7.280109889280517166e-01 7.000017980299352294e-01 1.999999999999960698e-01 8.406506229921873489e-08 5.936705772411269288e-01 3.013079501583380143e-02 1.502141622923572339e-01 1.090844882301923204e-02
1.899999999999999911e+00 6.750000000000000444e-01 6.800735254367720195e-01 6.500019363395327376e-01 1.999999999999974576e-01 7.836542858854926756e-08 5.782820992212305278e-01 3.004471122488553553e-02 1.570296307522336399e-01 1.035096448287925464e-02
1.899999999999999911e+00 6.999999999999999556e-01 6.324555320336755493e-01 6.000020977006160772e-01 1.999999999999965139e-01 7.259983354429090924e-08 5.615569578263488459e-01 2.995578530399081382e-02 1.648935977350986515e-01 9.820187184899877714e-03
1.899999999999999911e+00 7.249999999999999778e-01 5.852349955359813505e-01 5.500022883999127199e-01 2.000000000000057843e-01 6.677266582389850631e-08 5.432356779761471355e-01 2.986405976325747988e-02 1.740433941008485141e-01 9.318702262058775609e-03
1.899999999999999911e+00 7.500000000000000000e-01 5.385164807134504850e-01 5.000025172388062877e-01 2.000000000001903033e-01 6.088847061229215881e-08 5.229793773452332539e-01 2.976957820056380655e-02 1.847912832700540076e-01 8.849070796538030526e-03
1.899999999999999911e+00 7.750000000000000222e-01 4.924428900898052963e-01 4.500027969303581621e-01 2.000000000048955950e-01 5.495193969587537005e-08 5.003383918045567480e-01 2.967238525758996576e-02 1.975539430733344592e-01 8.413826971216549142e-03
1.899999999999999911e+00 8.000000000000000444e-01 4.472135954999579277e-01 4.000031465440510026e-01 2.000000001081327361e-01 4.896790094019986139e-08 4.747067043664487396e-01 2.957252657514670979e-02 2.128949474446559798e-01 8.015473338562978389e-03
1.899999999999999911e+00 8.249999999999999556e-01 4.031128874149276231e-01 3.500035960460132212e-01 2.000000020883907492e-01 4.294130700341482236e-08 4.452563030986552151e-01 2.947004874786863723e-02 2.315851542566563226e-01 7.656470758726088323e-03
1.899999999999999911e+00 8.500000000000000888e-01 3.605551275463990679e-01 3.000041953792368932e-01 2.000000351637096219e-01 3.687722323690589879e-08 4.108460095352799435e-01 2.936499927834926305e-02 2.546846248780652577e-01 7.339218889424366406e-03
1.899999999999999911e+00 8.750000000000000000e-01 3.201562118716423377e-01 2.500050344395931545e-01 2.000005112917247196e-01 3.078081506909527675e-08 3.699078875084161333e-01 2.925742653078770850e-02 2.836396632311624644e-01 7.066022837516804968e-03
1.899999999999999911e+00 9.000000000000000222e-01 2.828427124746191179e-01 2.000062930138501449e-01 2.000062930138480910e-01 2.465733481055734376e-08 3.203507035342760267e-01 2.914737968422431366e-02 3.203507027623860859e-01 6.839042492397805727e-03
1.899999999999999911e+00 9.250000000000000444e-01 2.499999999999998890e-01 1.500083905824689534e-01 2.000630090686856266e-01 1.851210802180760631e-08 2.596329313681031148e-01 2.903490868543458919e-02 3.670574116512213547e-01 6.660223690594291659e-03
1.899999999999999911e+00 9.499999999999999556e-01 2.236067977499791859e-01 1.000125854337464704e-01 2.004775628273457733e-01 1.235051933553869652e-08 1.854118577072551566e-01 2.892006420155587842e-02 4.256632107310017177e-01 6.531214814176472365e-03
1.899999999999999911e+00 9.750000000000000888e-01 2.061552812808831736e-01 5.002516611809283004e-02 2.025025497310000144e-01 6.177998455553498198e-09 9.738930519055388757e-02 2.880289757252151722e-02 4.959991610814444840e-01 6.453277932125325161e-03
1.899999999999999911e+00 1.000000000000000000e+00 2.000000000000001499e-01 1.586582850976876215e-03 2.087595308769704117e-01 5.526425796021617398e-12 8.870812918054804541e-05 2.868346076336895922e-02 5.735539197766718056e-01 6.427208335148451752e-03
1.899999999999999911e+00 1.024999999999999911e+00 2.061552812808831459e-01 5.002516611809405822e-02 2.217706925198558721e-01 6.177998517397613683e-09 9.738930556630936985e-02 2.856180631649857249e-02 6.484232812944814572e-01 6.453277932333805963e-03
1.899999999999999911e+00 1.050000000000000044e+00 2.236067977499791859e-01 1.000125854337464704e-01 2.422941077163161261e-01 1.235051934658228231e-08 1.854118580327844268e-01 2.843798730394751090e-02 6.952357383885223729e-01 6.531214814591423425e-03
1.899999999999999911e+00 1.075000000000000178e+00 2.500000000000000000e-01 1.500083905824689534e-01 2.695212373546631568e-01 1.851210805714711128e-08 2.596329316367551043e-01 2.831205727975452668e-02 7.244723308642958548e-01 6.660223691210814118e-03
1.899999999999999911e+00 1.100000000000000089e+00 2.828427124746191734e-01 2.000062930138513106e-01 3.020570981382282305e-01 2.465733483264453519e-08 3.203507037530493595e-01 2.818407023247537779e-02 7.489723615670345058e-01 6.839042493210538420e-03
1.899999999999999911e+00 1.125000000000000000e+00 3.201562118716425043e-01 2.500050344395931545e-01 3.385684971635383178e-01 3.078081508234761014e-08 3.699078876878308941e-01 2.805408053792163986e-02 7.692613050177782297e-01 7.066022838518508029e-03
1.899999999999999911e+00 1.149999999999999911e+00 3.605551275463987904e-01 3.000041953792338401e-01 3.780017681337050073e-01 3.687722325457568766e-08 4.108460096847659226e-01 2.792214291218513000e-02 7.859856611814276528e-01 7.339218890606603873e-03
1.899999999999999911e+00 1.175000000000000044e+00 4.031128874149276231e-01 3.500035960460132212e-01 4.195851287924236006e-01 4.294130702108450536e-08 4.452563032254897024e-01 2.778831236501081575e-02 8.010078637032662652e-01 7.656470760080050404e-03
1.899999999999999911e+00 1.200000000000000178e+00 4.472135954999579277e-01 4.000031465440510026e-01 4.627681082450014194e-01 4.896790096670455463e-08 4.747067044759705201e-01 2.765264415358173467e-02 8.133214804750893423e-01 8.015473340079473652e-03
1.899999999999999911e+00 1.225000000000000089e+00 4.924428900898054628e-01 4.500027969303568298e-01 5.071592746268954732e-01 5.495193969808395552e-08 5.003383919006343383e-01 2.751519373677382627e-02 8.246232506244447480e-01 8.413826972885413841e-03
1.899999999999999911e+00 1.250000000000000000e+00 5.385164807134503739e-01 5.000025172388062877e-01 5.524779861078357168e-01 6.088847062554449220e-08 5.229793774306832344e-01 2.737601672993672172e-02 8.346992431717414895e-01 8.849070798349643885e-03
1.899999999999999911e+00 1.274999999999999911e+00 5.852349955359810174e-01 5.500022883999130530e-01 5.985203344599960840e-01 6.677266586365548000e-08 5.432356780530440687e-01 2.723516886026422154e-02 8.437580838633635949e-01 9.318702264002495100e-03
1.899999999999999911e+00 1.300000000000000044e+00 6.324555320336757713e-01 6.000020977006160772e-01 6.451358848506143495e-01 7.259983356637799479e-08 5.615569578962457120e-01 2.709270592279582057e-02 8.520938756070375319e-01 9.820187186965836229e-03
1.899999999999999911e+00 1.325000000000000178e+00 6.800735254367720195e-01 6.500019363395327376e-01 6.922119061438869458e-01 7.836542859738431089e-08 5.782820992853063835e-01 2.694868373711330894e-02 8.594558179267808296e-01 1.035096448505777936e-02
1.899999999999999911e+00 1.350000000000000089e+00 7.280109889280519386e-01 7.000017980299351184e-01 7.396626300131935450e-01 8.406506231688845097e-08 5.936705773002928233e-01 2.680315810476946448e-02 8.663519975266078532e-01 1.090844882529892063e-02
1.899999999999999911e+00 1.375000000000000000e+00 7.762087348130011222e-01 7.500016781615518324e-01 7.874218587735810626e-01 8.969451154462779523e-08 6.079241517061173550e-01 2.665618476750833410e-02 8.726050277608840000e-01 1.149003341392396300e-02
1.899999999999999911e+00 1.399999999999999911e+00 8.246211251235319173e-01 8.000015732766675436e-01 8.354378110710927174e-01 9.524972667027630345e-08 6.212020162134133106e-01 2.650781936631048386e-02 8.784135869175866418e-01 1.209296881481785116e-02
1.899999999999999911e+00 1.425000000000000044e+00 8.732124598286492567e-01 8.500014807311485621e-01 8.836694770539380572e-01 1.007268391100783348e-07 6.336315136883103882e-01 2.635811740131112704e-02 8.837799397721400885e-01 1.271461938027907204e-02
1.899999999999999911e+00 1.450000000000000178e+00 9.219544457292887518e-01 9.000013984684360757e-01 9.320840041010183263e-01 1.061221674029121185e-07 6.453158196041420824e-01 2.620713419262989119e-02 8.887838309683676608e-01 1.335249027797119105e-02
1.899999999999999911e+00 1.475000000000000089e+00 9.708243919473797945e-01 9.500013248649403774e-01 9.806547955383054793e-01 1.114322230545589569e-07 6.563395282153814403e-01 2.605492484214594340e-02 8.934092655132498395e-01 1.400395113707108424e-02
1.899999999999999911e+00 1.500000000000000000e+00 1.019803902718557032e+00 1.000001258621779021e+00 1.029360109385375921e+00 1.166537146664881145e-07 6.667727691090745701e-01 2.590154419626036764e-02 8.977392684195063532e-01 1.410983034441643490e-02
