2.075000000000000178e+00 5.000000000000000000e-01 1.011187420807834414e+00 1.016189793978066191e+00 1.499999999999935552e-01 9.645785432739358890e-08 7.577432847577859620e-01 2.817107929063853919e-02 9.300581882502112485e-02 1.317954840046159024e-02
2.075000000000000178e+00 5.250000000000000222e-01 9.617692030835669481e-01 9.670272474885012182e-01 1.499999999999987454e-01 9.207297297694637177e-08 7.534668263160703150e-01 2.811296404761724071e-02 9.550797656448961614e-02 1.281155877497773196e-02
2.075000000000000178e+00 5.500000000000000444e-01 9.124143795447329230e-01 9.179551717732122862e-01 1.499999999999972466e-01 8.762406577086922880e-08 7.492426782908260252e-01 2.805221605097497212e-02 9.831280876137221680e-02 1.246100919239488333e-02
2.075000000000000178e+00 5.749999999999999556e-01 8.631338250816035229e-01 8.689888937064682572e-01 1.499999999999981626e-01 8.311365397019825867e-08 7.451046355024306678e-01 2.798886319174800560e-02 1.014681960732145005e-01 1.212919437445145882e-02
2.075000000000000178e+00 5.999999999999999778e-01 8.139410298049853942e-01 8.201473632129716584e-01 1.500000000000001887e-01 7.854438332376267869e-08 7.410959018534446496e-01 2.792293443511205051e-02 1.050333469325186453e-01 1.181722575075956974e-02
2.075000000000000178e+00 6.250000000000000000e-01 7.648529270389177181e-01 7.714542743320500495e-01 1.500000000000003553e-01 7.391902062700161535e-08 7.372721574682330470e-01 2.785445979184954235e-02 1.090822729689690518e-01 1.152600498363750767e-02
2.075000000000000178e+00 6.500000000000000222e-01 7.158910531638175145e-01 7.229396222266342154e-01 1.499999999999961087e-01 6.924044967117525311e-08 7.337058513230028112e-01 2.778347028895311599e-02 1.137086143273212668e-01 1.125620226995471124e-02
2.075000000000000178e+00 6.750000000000000444e-01 6.670832032063165329e-01 6.746419030753928459e-01 1.499999999999965250e-01 6.451166676408274104e-08 7.304923105554599339e-01 2.770999793940881820e-02 1.190324554239011734e-01 1.100824139493270307e-02
2.075000000000000178e+00 6.999999999999999556e-01 6.184658438426491323e-01 6.266112809271708883e-01 1.500000000000008271e-01 5.973577561467047924e-08 7.277585953542474728e-01 2.763407571121455700e-02 1.252101341813800506e-01 1.078229337323741675e-02
2.075000000000000178e+00 7.249999999999999778e-01 5.700877125495691367e-01 5.789142400953626311e-01 1.500000000000069611e-01 5.491598215137828834e-08 7.256765894602940081e-01 2.755573749567554950e-02 1.324486488288637021e-01 1.057828014086321933e-02
2.075000000000000178e+00 7.500000000000000000e-01 5.220153254455276448e-01 5.316405716131789028e-01 1.500000000002577327e-01 5.005558829797112562e-08 7.244827667930262560e-01 2.747501807503296284e-02 1.410272826189959416e-01 1.039588916223184098e-02
2.075000000000000178e+00 7.750000000000000222e-01 4.743416490252568840e-01 4.849141134110150908e-01 1.500000000065304651e-01 4.515798591281441098e-08 7.244540974891195972e-01 2.739195308947367513e-02 1.513308135011587896e-01 1.023459903861363013e-02
2.075000000000000178e+00 8.000000000000000444e-01 4.272001872658766075e-01 4.389096688217127840e-01 1.500000001441763042e-01 4.022664987558599523e-08 7.244439376110791695e-01 2.730657900357208456e-02 1.639017026384710363e-01 1.009371533404071139e-02
2.075000000000000178e+00 8.249999999999999556e-01 3.807886552931955548e-01 3.938803084506621310e-01 1.500000027845226347e-01 3.526513109447265894e-08 7.255817783051023984e-01 2.721893307221744801e-02 1.795238398362416499e-01 9.972414985353360295e-03
2.075000000000000178e+00 8.500000000000000888e-01 3.354101966249686262e-01 3.502023663329372205e-01 1.500000468849486679e-01 3.027704879774284520e-08 7.252481635274843352e-01 2.712905330607851689e-02 1.993587460095690989e-01 9.869796946705020058e-03
2.075000000000000178e+00 8.750000000000000000e-01 2.915475947422652148e-01 3.084504780109612598e-01 1.500006817216204547e-01 2.526608289599813760e-08 7.247431152987531267e-01 2.703697843665813297e-02 2.251654801805225148e-01 9.784936224486057502e-03
2.075000000000000178e+00 9.000000000000000222e-01 2.500000000000002220e-01 2.695212373546657103e-01 1.500083905824674546e-01 2.023596592476730035e-08 7.244725483998460946e-01 2.694274788098666162e-02 2.596329318510264272e-01 9.716938232522539035e-03
2.075000000000000178e+00 9.250000000000000444e-01 2.121320343559644495e-01 2.348226935055252595e-01 1.500840018043785307e-01 1.519047451443612785e-08 7.243582881612740110e-01 2.684640170601427372e-02 3.067580049874314985e-01 9.664990437667591444e-03
2.075000000000000178e+00 9.499999999999999556e-01 1.802775637731997560e-01 2.064986619452757743e-01 1.506361616518191449e-01 1.013342104129094110e-08 7.243252821368287853e-01 2.674798059274575285e-02 3.717095996298191984e-01 9.628408529679216912e-03
2.075000000000000178e+00 9.750000000000000888e-01 1.581138830084193037e-01 1.874611890103918266e-01 1.533208487047866830e-01 5.068645056586623262e-09 7.243210148752924349e-01 2.664752580017581973e-02 4.581576559062367493e-01 9.606674769899192085e-03
2.075000000000000178e+00 1.000000000000000000e+00 1.500000000000003275e-01 1.806701341815802331e-01 1.614947111578994843e-01 4.533933707670929248e-12 7.243309598519527270e-01 2.654507912907410130e-02 5.607258246972122162e-01 7.760680645316317579e-05
2.075000000000000178e+00 1.024999999999999911e+00 1.581138830084192481e-01 1.874611890103917156e-01 1.779950562817316784e-01 5.068645070943302323e-09 7.243830993035568211e-01 2.644068288567211211e-02 6.477832426283900435e-01 9.606674769956833476e-03
2.075000000000000178e+00 1.050000000000000044e+00 1.802775637731997838e-01 2.064986619452757743e-01 2.029936812663074019e-01 1.013342104570841314e-08 7.245393104169055576e-01 2.633437984530273210e-02 6.963870677936691012e-01 9.628408529795594306e-03
2.075000000000000178e+00 1.075000000000000178e+00 2.121320343559643939e-01 2.348226935055252595e-01 2.348226935055264253e-01 1.519047453652329612e-08 7.248777534099275499e-01 2.622621321604061417e-02 7.248773025644941193e-01 9.664990437844338950e-03
2.075000000000000178e+00 1.100000000000000089e+00 2.500000000000003331e-01 2.695212373546654883e-01 2.715483208117621672e-01 2.023596594685449178e-08 7.254738351091255533e-01 2.611622660239600047e-02 7.489986486607231875e-01 9.716938232761953426e-03
2.075000000000000178e+00 1.125000000000000000e+00 2.915475947422651037e-01 3.084504780109612598e-01 3.116546602757260809e-01 2.526608293133756977e-08 7.263861227518456642e-01 2.600446396910770230e-02 7.697414033882343798e-01 9.784936224791058318e-03
2.075000000000000178e+00 1.149999999999999911e+00 3.354101966249684041e-01 3.502023663329396630e-01 3.540979196665916540e-01 3.027704879332548897e-08 7.264386021530615523e-01 2.589096960508236595e-02 7.859959207756802568e-01 9.869796947079388996e-03
2.075000000000000178e+00 1.175000000000000044e+00 3.807886552931956659e-01 3.938803084506621310e-01 3.981854847979149903e-01 3.526513112097716689e-08 7.247673695592515841e-01 2.577578808753180212e-02 8.006259766547054735e-01 9.972414985800672621e-03
2.075000000000000178e+00 1.200000000000000178e+00 4.272001872658763855e-01 4.389096688217127840e-01 4.434572380835143379e-01 4.022664991976032514e-08 7.243229459110323010e-01 2.565896424634443729e-02 8.136774487363650499e-01 1.009371533456450420e-02
2.075000000000000178e+00 1.225000000000000089e+00 4.743416490252572171e-01 4.849141134110120932e-01 4.896024201738348736e-01 4.515798590839700181e-08 7.245087108955712285e-01 2.554054312874578722e-02 8.246049270928100805e-01 1.023459903921737635e-02
2.075000000000000178e+00 1.250000000000000000e+00 5.220153254455275338e-01 5.316405716131789028e-01 5.364064924418500135e-01 5.005558830280278684e-08 7.244827667956230677e-01 2.542056996428099236e-02 8.347358663175266091e-01 1.039588916291877413e-02
2.075000000000000178e+00 1.274999999999999911e+00 5.700877125495689146e-01 5.789142400953610768e-01 5.837179034106318998e-01 5.491598217101529139e-08 7.256765894670300643e-01 2.529909013016951036e-02 8.437539129941784566e-01 1.057828014163575761e-02
2.075000000000000178e+00 1.300000000000000044e+00 6.184658438426491323e-01 6.266112809271708883e-01 6.314272008093936295e-01 5.973577564559247577e-08 7.277585953640119953e-01 2.517614911706628211e-02 8.520357632500624723e-01 1.078229337409721336e-02
2.075000000000000178e+00 1.325000000000000178e+00 6.670832032063167549e-01 6.746419030753928459e-01 6.794536945277074302e-01 6.451166674199548344e-08 7.304923105674520079e-01 2.505179249526954394e-02 8.594726183602006131e-01 1.100824139588059934e-02
2.075000000000000178e+00 1.350000000000000089e+00 7.158910531638176256e-01 7.229396222266353256e-01 7.277367698818284492e-01 6.924044971976708484e-08 7.337058513366353507e-01 2.492606588141733914e-02 8.663735115672116516e-01 1.125620227099033248e-02
2.075000000000000178e+00 1.375000000000000000e+00 7.648529270389177181e-01 7.714542743320500495e-01 7.762301100024662226e-01 7.391902065792365159e-08 7.372721574830679581e-01 2.479901490569898226e-02 8.726039317525762229e-01 1.152600498476007672e-02
2.075000000000000178e+00 1.399999999999999911e+00 8.139410298049852832e-01 8.201473632129705482e-01 8.248977731617777032e-01 7.854438332817991581e-08 7.410959018691515299e-01 2.467068517962590565e-02 8.784609046498245144e-01 1.181722575196639605e-02
2.075000000000000178e+00 1.425000000000000044e+00 8.631338250816033009e-01 8.689888937064682572e-01 8.737114767912674829e-01 8.311365399228567509e-08 7.451046355187570525e-01 2.454112226438768737e-02 8.837824033884057462e-01 1.212919437573948406e-02
2.075000000000000178e+00 1.450000000000000178e+00 9.124143795447329230e-01 9.179551717732122862e-01 9.226486821650907721e-01 8.762406579737388234e-08 7.492426783075759600e-01 2.441037163982616442e-02 8.887800770346649948e-01 1.246100919376039694e-02
2.075000000000000178e+00 1.475000000000000089e+00 9.617692030835675032e-01 9.670272474885024394e-01 9.716912205079701881e-01 9.207297299903340438e-08 7.534668263330913662e-01 2.274954991761059947e-02 8.934166162508840880e-01 1.281155877641589926e-02
2.075000000000000178e+00 1.500000000000000000e+00 1.011187420807834414e+00 1.016189793978066191e+00 1.020824291831792019e+00 9.645785434506355645e-08 7.577432847749588918e-01 2.100768569138111025e-02 8.977355168377831873e-01 1.317954840196671785e-02
