1.975000000000000089e+00 5.000000000000000000e-01 1.001249219725039330e+00 1.000503514560321161e+00 4.999999999999737987e-02 1.073584468386354138e-07 7.061616425971833921e-01 2.951484511809441408e-02 3.117613625330978300e-02 1.379001842705376499e-02
1.975000000000000089e+00 5.250000000000000222e-01 9.513148795220223164e-01 9.505300009192543254e-01 4.999999999999855255e-02 1.025188325605550944e-07 6.983902684232143887e-01 2.945120837481105674e-02 3.203213826577916423e-02 1.326830260194667051e-02
1.975000000000000089e+00 5.500000000000000444e-01 9.013878188659971702e-01 9.005594276046160473e-01 4.999999999999857336e-02 9.760235745303852394e-08 6.903007331334286567e-01 2.938469804432935345e-02 3.299387174262052858e-02 1.276234821899476651e-02
1.975000000000000089e+00 5.749999999999999556e-01 8.514693182963198881e-01 8.505923128312129489e-01 4.999999999999647782e-02 9.261195589615413945e-08 6.818653537369394613e-01 2.931534590828604320e-02 3.407870949510921621e-02 1.227439961355974649e-02
1.975000000000000089e+00 5.999999999999999778e-01 8.015609770940693712e-01 8.006293041399089594e-01 4.999999999999783784e-02 8.755072368184323389e-08 6.730512347093122738e-01 2.924318496246083518e-02 3.530833592570420398e-02 1.180667281514211769e-02
1.975000000000000089e+00 6.250000000000000000e-01 7.516648189186454498e-01 7.506712214062516431e-01 4.999999999999775457e-02 8.242191382054799769e-08 6.638187271078052065e-01 2.916824938307860729e-02 3.671015911570280066e-02 1.136117963367368894e-02
1.975000000000000089e+00 6.500000000000000222e-01 7.017834423809098388e-01 7.007191182260936735e-01 4.999999999999604067e-02 7.722893188203922819e-08 6.541192729214072576e-01 2.909057449210972895e-02 3.831932009528493666e-02 1.093978015840364228e-02
1.975000000000000089e+00 6.750000000000000444e-01 6.519202405202648709e-01 6.507743715356015812e-01 4.999999999999879541e-02 7.197533030956304039e-08 6.438923195386947462e-01 2.901019672162144514e-02 4.018161614058396447e-02 1.054414802216743600e-02
1.975000000000000089e+00 6.999999999999999556e-01 6.020797289396147001e-01 6.008388158629196507e-01 4.999999999999901745e-02 6.666480247586065285e-08 6.330607870133242443e-01 2.892715357724155376e-02 4.235786269252239666e-02 1.017573775092129457e-02
1.975000000000000089e+00 7.249999999999999778e-01 5.522680508593629245e-01 5.509149504665464825e-01 5.000000000002190886e-02 6.130117548716200022e-08 6.215242086325937221e-01 2.884148360079492879e-02 4.493059287220613207e-02 9.835756667976886664e-03
1.975000000000000089e+00 7.500000000000000000e-01 5.024937810560444751e-01 5.010062700681056080e-01 5.000000000077317597e-02 5.588840308878294619e-08 6.091479883098085413e-01 2.875322633217286539e-02 4.801469715008982453e-02 9.525144208102910917e-03
1.975000000000000089e+00 7.750000000000000222e-01 4.527692569068707540e-01 4.511178145978679277e-01 5.000000001959462037e-02 5.043055716376736617e-08 5.957458887329987185e-01 2.866242227049642377e-02 5.177499360675874573e-02 9.244561611360843992e-03
1.975000000000000089e+00 8.000000000000000444e-01 4.031128874149272345e-01 4.012571278464167612e-01 5.000000043253317872e-02 4.493181935963474443e-08 5.810500968962948320e-01 2.856911283463748133e-02 5.645661597961310063e-02 8.994394671831525481e-03
1.975000000000000089e+00 8.249999999999999556e-01 3.535533905932737864e-01 3.514360292393972629e-01 5.000000835357480689e-02 3.939647157763915305e-08 5.646570426346018134e-01 2.847334032316308980e-02 6.244056910494344415e-02 8.774771416695401061e-03
1.975000000000000089e+00 8.500000000000000888e-01 3.041381265149109003e-01 3.016741332092542915e-01 5.000014065467296015e-02 3.382888637367745348e-08 5.459221931160457286e-01 2.837514787375584879e-02 7.035241296096034214e-02 8.585595280313006866e-03
1.975000000000000089e+00 8.750000000000000000e-01 2.549509756796392024e-01 2.520065131054259888e-01 5.000204512768273435e-02 2.823351660381785674e-08 5.237369602008836722e-01 2.827457942219026646e-02 8.129357548433180369e-02 8.426592631099284053e-03
1.975000000000000089e+00 9.000000000000000222e-01 2.061552812808829516e-01 2.025025497309985434e-01 5.002516611809383618e-02 2.261488485337194373e-08 4.959991619398754770e-01 2.817167966091234377e-02 9.738930427899816777e-02 8.297371641788790081e-03
1.975000000000000089e+00 9.250000000000000444e-01 1.581138830084188318e-01 1.533208487047863222e-01 5.025144373664794384e-02 1.697757233145888559e-08 4.581576561337492581e-01 2.806649399729624350e-02 1.232799495172721693e-01 8.197487780106888638e-03
1.975000000000000089e+00 9.499999999999999556e-01 1.118033988749894819e-01 1.049155977324437578e-01 5.187728980193154205e-02 1.132620762835150628e-08 3.983824384729554025e-01 2.795906851163628901e-02 1.709684265661816083e-01 8.126509955630601204e-03
1.975000000000000089e+00 9.750000000000000888e-01 7.071067811865465458e-02 5.922231545250841722e-02 5.922231545250801477e-02 5.665455545158603097e-09 2.783062056767614534e-01 2.784944991494070488e-02 2.783062029069831023e-01 8.084080833838385924e-03
1.975000000000000089e+00 1.000000000000000000e+00 4.999999999999981543e-02 3.173771648301639686e-02 7.797782846407533275e-02 5.067956569203508217e-12 3.153807218599924411e-04 2.773768550658306520e-02 5.334147870909795586e-01 8.069965134084755576e-03
1.975000000000000089e+00 1.024999999999999911e+00 7.071067811865450192e-02 5.922231545250646739e-02 1.080844117379389513e-01 5.665455566693618379e-09 2.783062063977898015e-01 2.762382313188317673e-02 6.469260806165091360e-01 8.084080833951266115e-03
1.975000000000000089e+00 1.050000000000000044e+00 1.118033988749894819e-01 1.049155977324437578e-01 1.456242927332123127e-01 1.132620766396712082e-08 3.983824387897821340e-01 2.750791113966716966e-02 6.959640432435822976e-01 8.126509955857175171e-03
1.975000000000000089e+00 1.075000000000000178e+00 1.581138830084188318e-01 1.533208487047863222e-01 1.874611890103898837e-01 1.697757234471121236e-08 4.581576563166583904e-01 2.738999833987477289e-02 7.243209769912746232e-01 8.197487780448240585e-03
1.975000000000000089e+00 1.100000000000000089e+00 2.061552812808831181e-01 2.025025497309999034e-01 2.318156391093749158e-01 2.261488487987652778e-08 4.959991620666326928e-01 2.727013396126953121e-02 7.490980846887519418e-01 8.297371642246873305e-03
1.975000000000000089e+00 1.125000000000000000e+00 2.549509756796392024e-01 2.520065131054259888e-01 2.777204120542428045e-01 2.823351661707014050e-08 5.237369602988127815e-01 2.714836760931155224e-02 7.692399760687431698e-01 8.426592631675326739e-03
1.975000000000000089e+00 1.149999999999999911e+00 3.041381265149107338e-01 3.016741332092522376e-01 3.246310778594764801e-01 3.382888637809498176e-08 5.459221931969189257e-01 2.702474922424647971e-02 7.859849880244577092e-01 8.585595281008918944e-03
1.975000000000000089e+00 1.175000000000000044e+00 3.535533905932737864e-01 3.514360292393972629e-01 3.722253085212641754e-01 3.939647155996935094e-08 5.646570427043151597e-01 2.689932903947026693e-02 8.011582463831120604e-01 8.774771417512948479e-03
1.975000000000000089e+00 1.200000000000000178e+00 4.031128874149272900e-01 4.012571278464167612e-01 4.203026552481668454e-01 4.493181938172193586e-08 5.810500969581422481e-01 2.622504239404654242e-02 8.133330283033045616e-01 8.994394672771008348e-03
1.975000000000000089e+00 1.225000000000000089e+00 4.527692569068708650e-01 4.511178145978670395e-01 4.687328981841132336e-01 5.043055720794172917e-08 5.957458887889803822e-01 2.247148586346515986e-02 8.246825654264035022e-01 9.244561612422666497e-03
1.975000000000000089e+00 1.250000000000000000e+00 5.024937810560443641e-01 5.010062700681056080e-01 5.174281835518506067e-01 5.588840309181994312e-08 6.091479883612189727e-01 1.951001558885582729e-02 8.346831368382123806e-01 9.525144209285709568e-03
1.975000000000000089e+00 1.274999999999999911e+00 5.522680508593624804e-01 5.509149504665458164e-01 5.663272823748703999e-01 6.130117554017121465e-08 6.215242086803154375e-01 1.712292391134644098e-02 8.438109343025455011e-01 9.835756669278734182e-03
1.975000000000000089e+00 1.300000000000000044e+00 6.020797289396147001e-01 6.008388158629196507e-01 6.153863095015881246e-01 6.666480249132161141e-08 6.330607870579835206e-01 1.516460974130024938e-02 8.520035116637912909e-01 1.017573775233876314e-02
1.975000000000000089e+00 1.325000000000000178e+00 6.519202405202644268e-01 6.507743715356015812e-01 6.645730381285075428e-01 7.197533036919839504e-08 6.438923195807537692e-01 1.353417524782243517e-02 8.594935797836885660e-01 1.054414802369672659e-02
1.975000000000000089e+00 1.350000000000000089e+00 7.017834423809099498e-01 7.007191182260960050e-01 7.138632966037927741e-01 7.722893188645645207e-08 6.541192729612146373e-01 1.215959618427434052e-02 8.663063774206247736e-01 1.093978016003874752e-02
1.975000000000000089e+00 1.375000000000000000e+00 7.516648189186454498e-01 7.506712214062516431e-01 7.632386151620220716e-01 8.242191385147000745e-08 6.638187271456336136e-01 1.098815100546786903e-02 8.726198286792109515e-01 1.136117963540879405e-02
1.975000000000000089e+00 1.399999999999999911e+00 8.015609770940697043e-01 8.006293041399096255e-01 8.126846474292829248e-01 8.755072368405199141e-08 6.730512347453763145e-01 9.980406747549526447e-03 8.784341969055888821e-01 1.180667281696948755e-02
1.975000000000000089e+00 1.425000000000000044e+00 8.514693182963202212e-01 8.505923128312129489e-01 8.621900861624280932e-01 9.261195591350478881e-08 6.818653537714145507e-01 9.106313096255086795e-03 8.837797300121945643e-01 1.227439961547250810e-02
1.975000000000000089e+00 1.450000000000000178e+00 9.013878188659971702e-01 9.005594276046160473e-01 9.117459024865364192e-01 9.760235746187342168e-08 6.903007331664583468e-01 8.342592108398607167e-03 8.887672867719516034e-01 1.276234822098378831e-02
1.975000000000000089e+00 1.475000000000000089e+00 9.513148795220224274e-01 9.505300009192534372e-01 9.613448018334910250e-01 1.025188325561375396e-07 6.983902684549196938e-01 7.670949672702940050e-03 8.934313248570592281e-01 1.326830260400301865e-02
1.975000000000000089e+00 1.500000000000000000e+00 1.001249219725039330e+00 1.000503514560321161e+00 1.010980828104011575e+00 1.073584468253831068e-07 7.061616426276652314e-01 7.076822726751778522e-03 8.977400953052233623e-01 1.379001842916943200e-02
