2.100000000000000089e+00 5.000000000000000000e-01 1.019803902718556810e+00 1.025299220001502309e+00 1.999999999999997335e-01 9.396835089627127406e-08 7.700115661703829106e-01 2.784919920440856803e-02 1.234105260633052703e-01 1.308690123026922184e-02
2.100000000000000089e+00 5.250000000000000222e-01 9.708243919473795724e-01 9.765953566015392884e-01 1.999999999999949596e-01 8.968837950146343704e-08 7.665215630900945598e-01 2.779237131839302349e-02 1.266729933961470711e-01 1.275061359987087438e-02
2.100000000000000089e+00 5.500000000000000444e-01 9.219544457292886408e-01 9.280293586604271283e-01 1.999999999999989009e-01 8.534717577057934586e-08 7.631597809582101322e-01 2.773296699434862206e-02 1.303231364700025985e-01 1.243151206947307880e-02
2.100000000000000089e+00 5.749999999999999556e-01 8.732124598286490347e-01 8.796240620490589635e-01 2.000000000000006217e-01 8.094716794198900716e-08 7.599708290860132109e-01 2.767101323772240551e-02 1.344203019705009772e-01 1.213067355667606095e-02
2.100000000000000089e+00 5.999999999999999778e-01 8.246211251235318063e-01 8.314075357703260005e-01 1.999999999999988731e-01 7.649090096109252562e-08 7.570107409480480998e-01 2.760653809602214154e-02 1.390373022788382595e-01 1.184898508418198715e-02
2.100000000000000089e+00 6.250000000000000000e-01 7.762087348130011222e-01 7.834146351298814093e-01 1.999999999999980682e-01 7.198103349247678926e-08 7.543504547566545204e-01 2.753957063143471287e-02 1.442643120329884510e-01 1.158712244805617728e-02
2.100000000000000089e+00 6.500000000000000222e-01 7.280109889280517166e-01 7.356891262861533498e-01 1.999999999999961531e-01 6.742033362368177529e-08 7.520805758355707527e-01 2.747014089260930991e-02 1.502141630120992222e-01 1.134553446047687798e-02
2.100000000000000089e+00 6.750000000000000444e-01 6.800735254367720195e-01 6.882866339946516199e-01 1.999999999999984568e-01 6.281167500574069221e-08 7.503179755276407903e-01 2.739827988565596631e-02 1.570296314998199105e-01 1.112443439315323988e-02
2.100000000000000089e+00 6.999999999999999556e-01 6.324555320336755493e-01 6.412787931435822708e-01 1.999999999999990674e-01 5.815803190344171882e-08 7.492150527704745100e-01 2.732401954439749037e-02 1.648935985138365035e-01 1.092379997774336683e-02
2.100000000000000089e+00 7.249999999999999778e-01 5.852349955359813505e-01 5.947591870124315783e-01 2.000000000000057565e-01 5.346247414398883612e-08 7.489728964958570767e-01 2.724739269993334267e-02 1.740433949144263304e-01 1.074338286305235798e-02
2.100000000000000089e+00 7.500000000000000000e-01 5.385164807134504850e-01 5.488519750676755793e-01 2.000000000001902756e-01 4.872816145384836581e-08 7.490309047942147469e-01 2.716843304954835725e-02 1.847912841224902958e-01 1.058272781688595482e-02
2.100000000000000089e+00 7.750000000000000222e-01 4.924428900898052963e-01 5.037246177582446194e-01 2.000000000048964555e-01 4.395833761668646704e-08 7.495364524464822598e-01 2.708717512503257957e-02 1.975539439687945542e-01 1.044120125599692916e-02
2.100000000000000089e+00 8.000000000000000444e-01 4.472135954999579277e-01 4.596068869541527491e-01 2.000000001081317091e-01 3.915632401286964067e-08 7.490714088468019005e-01 2.700365426044203099e-02 2.128949483869981840e-01 1.031802797533106983e-02
2.100000000000000089e+00 8.249999999999999556e-01 4.031128874149276231e-01 4.168194939487449568e-01 2.000000020883913321e-01 3.432551299330770458e-08 7.489401579993668623e-01 2.691790655936742577e-02 2.315851552484086140e-01 1.021233431774071047e-02
2.100000000000000089e+00 8.500000000000000888e-01 3.605551275463990679e-01 3.758170971838374341e-01 2.000000351637130080e-01 2.946936091757351989e-08 7.490903877995884752e-01 2.682996886174668361e-02 2.546846259182470318e-01 1.012319555399902350e-02
2.100000000000000089e+00 8.750000000000000000e-01 3.201562118716423377e-01 3.372513758840566256e-01 2.000005112917231376e-01 2.459138066855584627e-08 7.494406692135348047e-01 2.673987871028124519e-02 2.836396643108457516e-01 1.004968497758975537e-02
2.100000000000000089e+00 9.000000000000000222e-01 2.828427124746191179e-01 3.020570981382265097e-01 2.000062930138502559e-01 1.969513431288756672e-08 7.498842837784852611e-01 2.664767431649946172e-02 3.203507038562510845e-01 9.990922170006249700e-03
2.100000000000000089e+00 9.250000000000000444e-01 2.499999999999998890e-01 2.715483208117616121e-01 2.000630090686875695e-01 1.478422507004532256e-08 7.503028599083184647e-01 2.655339452652034568e-02 3.670574127037659062e-01 9.946118036205955221e-03
2.100000000000000089e+00 9.499999999999999556e-01 2.236067977499791859e-01 2.474641196935137843e-01 2.004775628273485211e-01 9.862289466981061444e-09 7.505879110686327627e-01 2.645707878656737566e-02 4.256632116421660839e-01 9.914614498347252766e-03
2.100000000000000089e+00 9.750000000000000888e-01 2.061552812808831736e-01 2.318156391093756374e-01 2.025025497310006251e-01 4.932989554598114428e-09 7.506655071431562742e-01 2.635876710828022329e-02 4.959991617152318399e-01 9.895917111405395927e-03
2.100000000000000089e+00 1.000000000000000000e+00 2.000000000000001499e-01 2.263592068719261219e-01 2.087595308769687463e-01 4.412666777745650524e-12 7.505154356764781598e-01 2.625850003387729045e-02 5.735539200271859706e-01 5.566301760694616652e-05
2.100000000000000089e+00 1.024999999999999911e+00 2.061552812808831459e-01 2.318156391093734170e-01 2.217706925198575374e-01 4.932989567850429616e-09 7.501767479230146973e-01 2.615631860121238675e-02 6.496349800008763831e-01 9.895917111455078408e-03
2.100000000000000089e+00 1.050000000000000044e+00 2.236067977499791859e-01 2.474641196935137843e-01 2.422941077163187629e-01 9.862289475815936030e-09 7.497371603253868422e-01 2.605226430878255367e-02 6.939325566713411275e-01 9.914614498447254370e-03
2.100000000000000089e+00 1.075000000000000178e+00 2.500000000000000000e-01 2.715483208117616121e-01 2.695212373546622686e-01 1.478422508771508332e-08 7.493110769839206320e-01 2.594637908072329469e-02 7.254732260660980980e-01 9.946118036357991590e-03
2.100000000000000089e+00 1.100000000000000089e+00 2.828427124746191734e-01 3.020570981382293962e-01 3.020570981382280085e-01 1.969513432613990672e-08 7.490151072065934779e-01 2.583870523185148593e-02 7.490149475038778704e-01 9.990922170212877818e-03
2.100000000000000089e+00 1.125000000000000000e+00 3.201562118716425043e-01 3.372513758840566256e-01 3.385684971635405383e-01 2.459138070831274716e-08 7.489487537065651068e-01 2.572928543278960728e-02 7.693393843326862269e-01 1.004968497785343855e-02
2.100000000000000089e+00 1.149999999999999911e+00 3.605551275463987904e-01 3.758170971838382668e-01 3.780017681337052848e-01 2.946936092143873636e-08 7.491840221301686586e-01 2.561816267522713797e-02 7.860919798924763668e-01 1.012319555432366312e-02
2.100000000000000089e+00 1.175000000000000044e+00 4.031128874149276231e-01 4.168194939487449568e-01 4.195851287924164952e-01 3.432551301539484307e-08 7.497637823288488823e-01 2.550538023735822793e-02 8.005700756697463616e-01 1.021233431812989742e-02
2.100000000000000089e+00 1.200000000000000178e+00 4.472135954999579277e-01 4.596068869541527491e-01 4.627681082450033623e-01 3.915632400845225135e-08 7.506268779540429259e-01 2.539098164953786096e-02 8.137885082250406743e-01 1.031802797578830651e-02
2.100000000000000089e+00 1.225000000000000089e+00 4.924428900898054628e-01 5.037246177582432871e-01 5.071592746268978047e-01 4.395833762773010246e-08 7.492835310795881165e-01 2.527501066020572396e-02 8.246390950029562905e-01 1.044120125652576309e-02
2.100000000000000089e+00 1.250000000000000000e+00 5.385164807134503739e-01 5.488519750676755793e-01 5.524779861078352727e-01 4.872816145136346231e-08 7.489462651007785521e-01 2.515751120210982933e-02 8.347909842801939373e-01 1.058272781748975482e-02
2.100000000000000089e+00 1.274999999999999911e+00 5.852349955359810174e-01 5.947591870124294688e-01 5.985203344599974162e-01 5.346247415558475026e-08 7.489728964947727219e-01 2.503852735887799816e-02 8.437598223034872280e-01 1.074338286373425697e-02
2.100000000000000089e+00 1.300000000000000044e+00 6.324555320336757713e-01 6.412787931435822708e-01 6.451358848506099086e-01 5.815803190344164603e-08 7.492150527733180132e-01 2.491810333197119753e-02 8.520352289094452747e-01 1.092379997850505269e-02
2.100000000000000089e+00 1.325000000000000178e+00 6.800735254367720195e-01 6.882866339946516199e-01 6.922119061438811727e-01 6.281167499027969394e-08 7.503179755334878909e-01 2.479628340805656653e-02 8.594558460326916505e-01 1.112443439399672836e-02
2.100000000000000089e+00 1.350000000000000089e+00 7.280109889280519386e-01 7.356891262861552372e-01 7.396626300131945442e-01 6.742033362809935651e-08 7.520805758437241195e-01 2.467311192683763199e-02 8.664240603855856149e-01 1.134553446140208928e-02
2.100000000000000089e+00 1.375000000000000000e+00 7.762087348130011222e-01 7.834146351298814093e-01 7.874218587735803965e-01 7.198103347480709964e-08 7.543504547665833559e-01 2.454863324937506946e-02 8.726040998973874085e-01 1.158712244906346354e-02
2.100000000000000089e+00 1.399999999999999911e+00 8.246211251235319173e-01 8.314075357703243352e-01 8.354378110710904970e-01 7.649090102072770822e-08 7.570107409593418435e-01 2.442289172693184324e-02 8.784222431850793322e-01 1.184898508526949223e-02
2.100000000000000089e+00 1.425000000000000044e+00 8.732124598286492567e-01 8.796240620490589635e-01 8.836694770539323951e-01 8.094716796407626476e-08 7.599708290983528958e-01 2.429593167036981846e-02 8.837838432217125506e-01 1.213067355784162513e-02
2.100000000000000089e+00 1.450000000000000178e+00 9.219544457292887518e-01 9.280293586604271283e-01 9.320840041010218791e-01 8.534717581613439242e-08 7.631597809713447367e-01 2.416779732013681764e-02 8.888057660794258519e-01 1.243151207071344598e-02
2.100000000000000089e+00 1.475000000000000089e+00 9.708243919473797945e-01 9.765953566015389553e-01 9.806547955383047022e-01 8.968837951029833479e-08 7.665215631038242439e-01 2.403853281686176707e-02 8.934069139287651451e-01 1.275061360118244329e-02
2.100000000000000089e+00 1.500000000000000000e+00 1.019803902718557032e+00 1.025299220001502309e+00 1.029360109385373256e+00 9.396835091394102985e-08 7.700115661845486903e-01 2.390818217259117751e-02 8.977356791442285822e-01 1.308690123164695830e-02
