1.550000000000000044e+00 5.000000000000000000e-01 1.345362404707370896e+00 9.999999999999977796e-01 8.999999999999994671e-01 1.781424190562031697e-07 5.206031403472746177e-01 3.641921976671302214e-02 4.707316611676993223e-01 2.072698337101465046e-02
1.550000000000000044e+00 5.250000000000000222e-01 1.308625232830239238e+00 9.499999999999984013e-01 8.999999999999971356e-01 1.705271909106603185e-07 5.032301071969489392e-01 3.632353083827041806e-02 4.776413625355593329e-01 2.071635799143831808e-02
1.550000000000000044e+00 5.500000000000000444e-01 1.272792206135785475e+00 8.999999999999991340e-01 8.999999999999975797e-01 1.627296154824185443e-07 4.850396949561350812e-01 3.622359025176898062e-02 4.850396947375125722e-01 2.071667900753591807e-02
1.550000000000000044e+00 5.749999999999999556e-01 1.237941840313994790e+00 8.500000000000005329e-01 8.999999999999984679e-01 1.547552689243627981e-07 4.659938551056850287e-01 3.611945497182554587e-02 4.929457639956490445e-01 2.072593817429007820e-02
1.550000000000000044e+00 5.999999999999999778e-01 1.204159457879229400e+00 7.999999999999944933e-01 8.999999999999972466e-01 1.466102742504156048e-07 4.460552278071693855e-01 3.601118405445013354e-02 5.013779248412612022e-01 2.074208218279025018e-02
1.550000000000000044e+00 6.250000000000000000e-01 1.171537451385997963e+00 7.499999999999951150e-01 8.999999999999980238e-01 1.383012968383117145e-07 4.251880373322443063e-01 3.589883857653224097e-02 5.103531332557050826e-01 2.076306069785645997e-02
1.550000000000000044e+00 6.500000000000000222e-01 1.140175425099137607e+00 6.999999999999987343e-01 8.999999999999965805e-01 1.298355368683234477e-07 4.033592183735173475e-01 3.578248156337848762e-02 5.198861537391453735e-01 2.076100447682145342e-02
1.550000000000000044e+00 6.750000000000000444e-01 1.110180165558725340e+00 6.499999999999968026e-01 8.999999999999980238e-01 1.212207183542148651e-07 3.805397988641616713e-01 3.566217791444285801e-02 5.299886099986630406e-01 2.075285310100798142e-02
1.550000000000000044e+00 6.999999999999999556e-01 1.081665382639196871e+00 5.999999999999989786e-01 8.999999999999963585e-01 1.124650745529984285e-07 3.567065547317047058e-01 3.553799432738687092e-02 5.406678779236189225e-01 2.074752735201353115e-02
1.550000000000000044e+00 7.249999999999999778e-01 1.054751155486449266e+00 5.499999999999984901e-01 8.999999999999983569e-01 1.035773302010396777e-07 3.318439343507349482e-01 3.540999922061571770e-02 5.519258335079284539e-01 2.073027716543173610e-02
1.550000000000000044e+00 7.500000000000000000e-01 1.029563014098699769e+00 4.999999999999970579e-01 9.000000000000363265e-01 9.456667992190200676e-08 3.059462236025551340e-01 3.527826265443098630e-02 5.637574881661950865e-01 1.961614989475419374e-02
1.550000000000000044e+00 7.750000000000000222e-01 1.006230589874905323e+00 4.499999999999960698e-01 9.000000000010847101e-01 8.544276342022717345e-08 2.790198854327292088e-01 3.514285625095055210e-02 5.761495695363545444e-01 1.854454662241495494e-02
1.550000000000000044e+00 8.000000000000000444e-01 9.848857801796103706e-01 3.999999999999976907e-01 9.000000000240280240e-01 7.621563742666402732e-08 2.510859612979766120e-01 3.500385311293834067e-02 5.890791361395366632e-01 1.752632239962417793e-02
1.550000000000000044e+00 8.249999999999999556e-01 9.656603957913982850e-01 3.499999999999983125e-01 9.000000004640853479e-01 6.689574411063686614e-08 2.221823692731103028e-01 3.486132774169489745e-02 6.025123460553107879e-01 1.657364678824052931e-02
1.550000000000000044e+00 8.500000000000000888e-01 9.486832980505135460e-01 2.999999999999962697e-01 9.000000078141590087e-01 5.749387677964013271e-08 1.923658818202494403e-01 3.471535595415412012e-02 6.164035276286315979e-01 1.570010256569027290e-02
1.550000000000000044e+00 8.750000000000000000e-01 9.340770846134700545e-01 2.499999999999995837e-01 9.000001136205202368e-01 4.802114267930737668e-08 1.617135262035623855e-01 3.456601479933477106e-02 6.306947165185200488e-01 1.492063368649130389e-02
1.550000000000000044e+00 9.000000000000000222e-01 9.219544457292886408e-01 1.999999999999994282e-01 9.000013984684348545e-01 3.848892308442392607e-08 1.303231361230296481e-01 3.441338247429635844e-02 6.453158193423484956e-01 1.425122314004463944e-02
1.550000000000000044e+00 9.250000000000000444e-01 9.124143795447327010e-01 1.499999999999950817e-01 9.000140041119436551e-01 2.890883137958715135e-08 9.831280839994027687e-02 3.425753823974053702e-02 6.601855320251077686e-01 1.370817099173855108e-02
1.550000000000000044e+00 9.499999999999999556e-01 9.055385138137416190e-01 9.999999999999820144e-02 9.001062455050455879e-01 1.929266917197059770e-08 6.581909324902818215e-02 3.409856233540964343e-02 6.752130771583070290e-01 1.330689294731180611e-02
1.550000000000000044e+00 9.750000000000000888e-01 9.013878188659973922e-01 5.000000000000034972e-02 9.005594276046164914e-01 9.652381220212811831e-09 3.299387201499315303e-02 3.393653589542046378e-02 6.903007329395516312e-01 1.306030513133044080e-02
1.550000000000000044e+00 1.000000000000000000e+00 8.999999999999994671e-01 3.889917962375281605e-14 9.019869964317481781e-01 8.635131968102737539e-12 2.953591735627147941e-05 3.377154086367847169e-02 7.053470192977676634e-01 1.297708642318622443e-02
1.550000000000000044e+00 1.024999999999999911e+00 9.013878188659972812e-01 4.999999999999825417e-02 9.050868687925687217e-01 9.652381246717445515e-09 3.299387214674220914e-02 3.360365990951119652e-02 7.202503049679633840e-01 1.306030513199413906e-02
1.550000000000000044e+00 1.050000000000000044e+00 9.055385138137416190e-01 9.999999999999820144e-02 9.103331448618329214e-01 1.929266920289265048e-08 6.581909337977132068e-02 3.343297634365510057e-02 7.349125257739410610e-01 1.330689294861508998e-02
1.550000000000000044e+00 1.075000000000000178e+00 9.124143795447327010e-01 1.499999999999950817e-01 9.179551717732097327e-01 2.890883143701381134e-08 9.831280852904489276e-02 3.325957403473731033e-02 7.492426781378688228e-01 1.370817099363663347e-02
1.550000000000000044e+00 1.100000000000000089e+00 9.219544457292887518e-01 1.999999999999948486e-01 9.280293586604289047e-01 3.848892312418082035e-08 1.303231362499163715e-01 3.308353732637182160e-02 7.631597808162905450e-01 1.425122314248048090e-02
1.550000000000000044e+00 1.125000000000000000e+00 9.340770846134701655e-01 2.499999999999995837e-01 9.405469830218882166e-01 4.802114271464696767e-08 1.617135263277200141e-01 3.290495095500761691e-02 7.765950758579742708e-01 1.492063368939997893e-02
1.550000000000000044e+00 1.149999999999999911e+00 9.486832980505135460e-01 2.999999999999988787e-01 9.554503318918293742e-01 5.749387685473653857e-08 1.923658819412453758e-01 3.272389996864846773e-02 7.894933483897511595e-01 1.570010256900677276e-02
1.550000000000000044e+00 1.175000000000000044e+00 9.656603957913980629e-01 3.499999999999983125e-01 9.726518803270509661e-01 6.689574415922884345e-08 2.221823693905949360e-01 3.254046964656252816e-02 8.018133597269347934e-01 1.657364679190234669e-02
1.550000000000000044e+00 1.200000000000000178e+00 9.848857801796103706e-01 3.999999999999976907e-01 9.920455241613941322e-01 7.621563747739537163e-08 2.510859614116830452e-01 3.235474542009903615e-02 8.135274869048070290e-01 1.718278038497904336e-02
1.550000000000000044e+00 1.225000000000000089e+00 1.006230589874905323e+00 4.499999999999994005e-01 1.013513951477767794e+00 8.544276346881899195e-08 2.790198855424690372e-01 3.216681279472222155e-02 8.246055863904120375e-01 1.698613481662137811e-02
1.550000000000000044e+00 1.250000000000000000e+00 1.029563014098699991e+00 4.999999999999970579e-01 1.036933905865637051e+00 9.456667994840655442e-08 3.059462237082122282e-01 3.197675727337088297e-02 8.346856744483464041e-01 1.679473915315308694e-02
1.550000000000000044e+00 1.274999999999999911e+00 1.054751155486449266e+00 5.499999999999993783e-01 1.062180112204190063e+00 1.035773302363793349e-07 3.318439344522552958e-01 3.178466428123994519e-02 8.437536525183813030e-01 1.660831561749057453e-02
1.550000000000000044e+00 1.300000000000000044e+00 1.081665382639197093e+00 5.999999999999989786e-01 1.089128233920129585e+00 1.124650745761554357e-07 3.567065548290890287e-01 3.159061909208615848e-02 8.519883440334414804e-01 1.642663527467760204e-02
1.550000000000000044e+00 1.325000000000000178e+00 1.110180165558725562e+00 6.499999999999968026e-01 1.117657068607073256e+00 1.212207183785109994e-07 3.805397989574537121e-01 3.139470675614314255e-02 8.594558259027045288e-01 1.624946211639930610e-02
1.550000000000000044e+00 1.350000000000000089e+00 1.140175425099137829e+00 6.999999999999995115e-01 1.147650123616960061e+00 1.298355369036628534e-07 4.033592184627962651e-01 3.119701202973984566e-02 8.663068795381020371e-01 1.607657265130415375e-02
1.550000000000000044e+00 1.375000000000000000e+00 1.171537451385998185e+00 7.499999999999951150e-01 1.178996685183822724e+00 1.383012968529446057e-07 4.251880374176156274e-01 3.099761930668926482e-02 8.726021254212881217e-01 1.590775546275989202e-02
1.550000000000000044e+00 1.399999999999999911e+00 1.204159457879229400e+00 8.000000000000002665e-01 1.211592479411804923e+00 1.466102742680853474e-07 4.460552278887578992e-01 3.079661255153995358e-02 8.784117376084947804e-01 1.574281075130539928e-02
1.550000000000000044e+00 1.425000000000000044e+00 1.237941840313994790e+00 8.500000000000005329e-01 1.245340011674233249e+00 1.547552689552847947e-07 4.659938551836293463e-01 3.059407523474232810e-02 8.837832751397883824e-01 1.558154986699390558e-02
1.550000000000000044e+00 1.450000000000000178e+00 1.272792206135785475e+00 8.999999999999991340e-01 1.280148659609882777e+00 1.627296155000882074e-07 4.850396950305823074e-01 3.039009026980479464e-02 8.887685082108752743e-01 1.542379483621151431e-02
1.550000000000000044e+00 1.475000000000000089e+00 1.308625232830239682e+00 9.499999999999959588e-01 1.315934583485164122e+00 1.705271909591142559e-07 5.032301072680503973e-01 3.018473995249370406e-02 8.934127897406435315e-01 1.526937788698159992e-02
1.550000000000000044e+00 1.500000000000000000e+00 1.345362404707370896e+00 9.999999999999977796e-01 1.352620506570066494e+00 1.781424190871248751e-07 5.206031404151827413e-01 2.997810590212723544e-02 8.977350740834827425e-01 1.511814097623316588e-02
