2.149999999999999911e+00 5.000000000000000000e-01 1.044030650891054846e+00 1.050183477641982055e+00 2.999999999999949374e-01 8.924379971718243949e-08 7.934064682546633218e-01 2.722145994387269868e-02 1.826466065857443866e-01 1.294428101521462142e-02
2.149999999999999911e+00 5.250000000000000222e-01 9.962429422585632466e-01 1.002689052853477314e+00 2.999999999999964917e-01 8.516401641855415686e-08 7.913257791496667304e-01 2.716710334194333970e-02 1.872459727453633094e-01 1.266370550191237704e-02
2.149999999999999911e+00 5.500000000000000444e-01 9.486832980505135460e-01 9.554503318918297072e-01 2.999999999999969358e-01 8.102815893371614851e-08 7.894933485099175918e-01 2.711027858889826850e-02 1.923658821359604532e-01 1.239935547430258238e-02
2.149999999999999911e+00 5.749999999999999556e-01 9.013878188659973922e-01 9.085072023447089418e-01 2.999999999999979905e-01 7.683848036760436847e-08 7.879671397861494064e-01 2.705101101379277923e-02 1.980790126944639851e-01 1.215193004889733586e-02
2.149999999999999911e+00 5.999999999999999778e-01 8.544003745317532150e-01 8.619079630170545236e-01 2.999999999999962141e-01 7.259733700765058991e-08 7.868178715148843594e-01 2.698932692679080828e-02 2.044726733629754767e-01 1.192194197395960061e-02
2.149999999999999911e+00 6.250000000000000000e-01 8.077747210701755609e-01 8.157115523959477255e-01 2.999999999999992673e-01 6.830718517414763159e-08 7.861322789408846656e-01 2.692525359393322520e-02 2.116523495094329022e-01 1.170970615954666089e-02
2.149999999999999911e+00 6.500000000000000222e-01 7.615773105863903325e-01 7.699904783256790175e-01 2.999999999999969358e-01 6.397057768630150882e-08 7.859999545728493242e-01 2.685881921113279780e-02 2.197462235213228365e-01 1.151533417631071463e-02
2.149999999999999911e+00 6.750000000000000444e-01 7.158910531638176256e-01 7.248346961288533175e-01 2.999999999999983791e-01 5.959016012287008080e-08 7.861636744829569867e-01 2.679005287743660424e-02 2.289109309982871876e-01 1.133873560914708777e-02
2.149999999999999911e+00 6.999999999999999556e-01 6.708203932499369193e-01 6.803567716369154361e-01 2.999999999999967693e-01 5.516866642902195811e-08 7.859915207689691652e-01 2.671898456759672774e-02 2.393388452576994951e-01 1.117962679214005994e-02
2.149999999999999911e+00 7.249999999999999778e-01 6.264982043070833617e-01 6.366987802031681687e-01 3.000000000000021538e-01 5.070891445914316249e-08 7.861019662238910577e-01 2.664564510399495059e-02 2.512671644356421208e-01 1.103754700523803395e-02
2.149999999999999911e+00 7.500000000000000000e-01 5.830951894845299854e-01 5.940415277673849470e-01 3.000000000001264988e-01 4.621380091887048835e-08 7.865774806977591238e-01 2.657006612796106865e-02 2.649889212931038074e-01 1.091188172586902115e-02
2.149999999999999911e+00 7.750000000000000222e-01 5.408326913195982133e-01 5.526168082063804832e-01 3.000000000032647662e-01 4.168629612380389257e-08 7.864541464580844243e-01 2.649228007053010953e-02 2.808655624257946903e-01 1.080189205490709320e-02
2.149999999999999911e+00 8.000000000000000444e-01 4.999999999999997780e-01 5.127234505190920721e-01 3.000000000720850490e-01 3.712943840482125390e-08 7.862155595275016617e-01 2.641232012268767554e-02 2.993395760811862205e-01 1.070674903008360900e-02
2.149999999999999911e+00 8.249999999999999556e-01 4.609772228646443204e-01 4.747476558259206003e-01 3.000000013922590192e-01 3.254632813570365577e-08 7.860760199330689701e-01 2.633022020513800868e-02 3.209430768840297321e-01 1.062557124421709825e-02
2.149999999999999911e+00 8.500000000000000888e-01 4.242640687119285103e-01 4.391871317698277100e-01 3.000000234424764489e-01 2.794012166799527513e-08 7.860085024041303381e-01 2.624601493765109372e-02 3.462931158247737895e-01 1.055746402513333890e-02
2.149999999999999911e+00 8.750000000000000000e-01 3.905124837953324879e-01 4.066759603323099048e-01 3.000003408613906020e-01 2.331402480203027261e-08 7.859862343842687338e-01 2.615973960802669973e-02 3.760554441841474915e-01 1.050155841172677532e-02
2.149999999999999911e+00 9.000000000000000222e-01 3.605551275463987349e-01 3.780017681337071167e-01 3.000041953792251803e-01 1.867128624912646583e-08 7.859856613124295288e-01 2.607143014072520193e-02 4.108460096791076155e-01 1.045704825934470200e-02
2.149999999999999911e+00 9.250000000000000444e-01 3.354101966249682931e-01 3.540979196665889894e-01 3.000420097213353232e-01 1.401519073154854581e-08 7.859894751740958974e-01 2.598112306520644621e-02 4.510321830198878446e-01 1.042322399686108902e-02
2.149999999999999911e+00 9.499999999999999556e-01 3.162277660168376636e-01 3.359841316375040687e-01 3.003185861667446721e-01 9.349052025044805391e-09 7.859889207728247840e-01 2.588885548402781317e-02 4.964210566970019278e-01 1.037189574214388184e-02
2.149999999999999911e+00 9.750000000000000888e-01 3.041381265149108448e-01 3.246310778594765356e-01 3.016741332092557348e-01 4.676206155993916505e-09 7.859849881553687689e-01 2.579466504074083566e-02 5.459221929463432543e-01 1.020675550191058739e-02
2.149999999999999911e+00 1.000000000000000000e+00 2.999999999999997669e-01 3.207574421774296303e-01 3.059093684933040791e-01 4.182873358548808882e-12 7.859882489451549548e-01 2.569858988763698560e-02 5.974301213087425122e-01 3.408797904425549160e-05
2.149999999999999911e+00 1.024999999999999911e+00 3.041381265149107893e-01 3.246310778594794222e-01 3.149321197666803407e-01 4.676206213420605449e-09 7.860174771360486368e-01 2.560066865338167172e-02 6.481928311722866543e-01 1.020675550235455170e-02
2.149999999999999911e+00 1.050000000000000044e+00 3.162277660168377746e-01 3.359841316375040687e-01 3.297065887028163833e-01 9.349052031670978702e-09 7.860971066344590863e-01 2.550094041058553057e-02 6.927052823166737205e-01 1.037189574301721970e-02
2.149999999999999911e+00 1.075000000000000178e+00 3.354101966249681821e-01 3.540979196665889894e-01 3.502023663329394965e-01 1.401519076688805574e-08 7.862541905045653534e-01 2.539944464335484181e-02 7.264386018721848970e-01 1.042322399697563629e-02
2.149999999999999911e+00 1.100000000000000089e+00 3.605551275463988459e-01 3.780017681337036195e-01 3.758170971838398211e-01 1.867128627342237839e-08 7.865154787019488225e-01 2.529622121486327369e-02 7.491837743733612553e-01 1.045704825950106304e-02
2.149999999999999911e+00 1.125000000000000000e+00 3.905124837953325434e-01 4.066759603323099048e-01 4.057445344937820053e-01 2.331402479761285682e-08 7.869049699949569598e-01 2.519131033498763633e-02 7.690597276726682807e-01 1.050155841192706649e-02
2.149999999999999911e+00 1.149999999999999911e+00 4.242640687119281773e-01 4.391871317698261556e-01 4.391871317698257116e-01 2.794012168566503754e-08 7.874422028819350050e-01 2.508475252805415778e-02 7.865633872469376398e-01 1.055746402538073475e-02
2.149999999999999911e+00 1.175000000000000044e+00 4.609772228646443204e-01 4.747476558259206003e-01 4.754489250211360041e-01 3.254632815779075456e-08 7.871000283924380891e-01 2.497658860072444684e-02 8.005751022938236705e-01 1.062557124451484099e-02
2.149999999999999911e+00 1.200000000000000178e+00 4.999999999999997780e-01 5.127234505190920721e-01 5.139594556077928811e-01 3.712943841365604576e-08 7.863832650599137386e-01 2.486685961007699050e-02 8.133653046468173331e-01 1.070674903043587929e-02
2.149999999999999911e+00 1.225000000000000089e+00 5.408326913195982133e-01 5.526168082063827036e-01 5.542657574125213760e-01 4.168629615030856596e-08 7.860260477806974011e-01 2.475560683190751107e-02 8.249292973634427817e-01 1.080189205531673600e-02
2.149999999999999911e+00 1.250000000000000000e+00 5.830951894845298744e-01 5.940415277673849470e-01 5.960133598618149176e-01 4.621380094537512203e-08 7.860335028398264257e-01 2.464287172929811864e-02 8.346851737596963083e-01 1.091188172633992919e-02
2.149999999999999911e+00 1.274999999999999911e+00 6.264982043070832507e-01 6.366987802031711663e-01 6.389261230863092500e-01 5.070891448123024142e-08 7.863954482547528269e-01 2.452869592148498520e-02 8.438244293295928955e-01 1.103754700577299838e-02
2.149999999999999911e+00 1.300000000000000044e+00 6.708203932499369193e-01 6.803567716369154361e-01 6.827886275575970609e-01 5.516866645110914293e-08 7.864212500558366292e-01 2.441312115306309288e-02 8.519767879175956793e-01 1.117962679274182684e-02
2.149999999999999911e+00 1.325000000000000178e+00 7.158910531638174035e-01 7.248346961288533175e-01 7.274320057622942759e-01 5.959016012066123063e-08 7.859944999857457759e-01 2.429618926356127279e-02 8.595499904522198031e-01 1.133873560981831993e-02
2.149999999999999911e+00 1.350000000000000089e+00 7.615773105863908876e-01 7.699904783256785734e-01 7.727229815645706434e-01 6.397057771280618883e-08 7.860173105652168424e-01 2.417794215742172931e-02 8.663079432937748070e-01 1.151533417705272178e-02
2.149999999999999911e+00 1.375000000000000000e+00 8.077747210701755609e-01 8.157115523959477255e-01 8.185555470916072718e-01 6.830718519181751973e-08 7.861322789425646551e-01 2.405842177441528881e-02 8.727110082048625816e-01 1.170970616035986456e-02
2.149999999999999911e+00 1.399999999999999911e+00 8.544003745317528820e-01 8.619079630170547457e-01 8.648446890437953005e-01 7.259733702532039864e-08 7.868178715186178174e-01 2.393767006052319873e-02 8.784075503074937341e-01 1.192194197484428703e-02
2.149999999999999911e+00 1.425000000000000044e+00 9.013878188659973922e-01 9.085072023447089418e-01 9.115216644034205284e-01 7.683848040294390652e-08 7.879671397915521958e-01 2.381572893931587637e-02 8.838001300764014578e-01 1.215193004985241736e-02
2.149999999999999911e+00 1.450000000000000178e+00 9.486832980505135460e-01 9.554503318918297072e-01 9.585304328507187055e-01 8.102815896463795975e-08 7.894933485166774068e-01 2.369264028385048571e-02 8.887683817806543152e-01 1.239935547532676312e-02
2.149999999999999911e+00 1.475000000000000089e+00 9.962429422585634686e-01 1.002689052853479756e+00 1.005824948990764245e+00 8.516401642738925313e-08 7.913257791575278866e-01 2.356844588912510377e-02 8.934463423298404372e-01 1.266370550300273054e-02
2.149999999999999911e+00 1.500000000000000000e+00 1.044030650891054846e+00 1.050183477641982055e+00 1.053367094034117546e+00 8.924379971497374814e-08 7.934064682634160981e-01 2.344318744510007907e-02 8.977356784419837643e-01 1.294428101636828539e-02
