2.225000000000000089e+00 5.000000000000000000e-01 1.096585609973065090e+00 1.103272645287681986e+00 4.499999999999991784e-01 8.274007156119713091e-08 8.251259826837245015e-01 2.631819536686187677e-02 2.662917354502440936e-01 1.279524609225139720e-02
2.225000000000000089e+00 5.250000000000000222e-01 1.051189802081431424e+00 1.058163753792427997e+00 4.499999999999957367e-01 7.893822038404532640e-08 8.247000208708807900e-01 2.626730311697205583e-02 2.723455844108501056e-01 1.258118817414213310e-02
2.225000000000000089e+00 5.500000000000000444e-01 1.006230589874905323e+00 1.013513951477768016e+00 4.499999999999956257e-01 7.508708351708190280e-08 8.246055864806146607e-01 2.621409492768206340e-02 2.790198857001998101e-01 1.238131145383971135e-02
2.225000000000000089e+00 5.749999999999999556e-01 9.617692030835672812e-01 9.693866771521473247e-01 4.499999999999958478e-01 7.118867728509531157e-08 8.246140056158949294e-01 2.615859383189646920e-02 2.863855680625861377e-01 1.219590738774498431e-02
2.225000000000000089e+00 5.999999999999999778e-01 9.178779875342909511e-01 9.258566464847997057e-01 4.499999999999972911e-01 6.724510386576277209e-08 8.246836340369213536e-01 2.610082375963321613e-02 2.945243752895796985e-01 1.202510965583110901e-02
2.225000000000000089e+00 6.250000000000000000e-01 8.746427842267947561e-01 8.830121912182624655e-01 4.499999999999968470e-01 6.325854862814515376e-08 8.246626780811987523e-01 2.604080951567452201e-02 3.035304269140790545e-01 1.186889310754384030e-02
2.225000000000000089e+00 6.500000000000000222e-01 8.321658488546617161e-01 8.409581023095502594e-01 4.499999999999972911e-01 5.923127690133179392e-08 8.246061865677168923e-01 2.597857675653086548e-02 3.135118444607676302e-01 1.172707758456283458e-02
2.225000000000000089e+00 6.750000000000000444e-01 7.905694150420947697e-01 7.998190606881507847e-01 4.499999999999975131e-01 5.516563088402827619e-08 8.247022359422894189e-01 2.591415196674322699e-02 3.245923051135838899e-01 1.159933676213827092e-02
2.225000000000000089e+00 6.999999999999999556e-01 7.500000000000000000e-01 7.597437264236428511e-01 4.499999999999972911e-01 5.106402597352911019e-08 8.249385266979440967e-01 2.584756243456824698e-02 3.369122670849845624e-01 1.148521187639478525e-02
2.225000000000000089e+00 7.249999999999999778e-01 7.106335201775949573e-01 7.209095157092028083e-01 4.500000000000009548e-01 4.692894681846136016e-08 8.249482245123808122e-01 2.577883622707198910e-02 3.506294240776999249e-01 1.138412992927634836e-02
2.225000000000000089e+00 7.500000000000000000e-01 6.726812023536855589e-01 6.835280022355203489e-01 4.500000000000858869e-01 4.276294313133007837e-08 8.248171084965966182e-01 2.570800216468733038e-02 3.659176629278418358e-01 1.129542571290111791e-02
2.225000000000000089e+00 7.750000000000000222e-01 6.363961030678927377e-01 6.478507002698111750e-01 4.500000000021756597e-01 3.856862531539405037e-08 8.247298484669955965e-01 2.563508979525531278e-02 3.829633968624749918e-01 1.121836679463997233e-02
2.225000000000000089e+00 8.000000000000000444e-01 6.020797289396149221e-01 6.141746737208215734e-01 4.500000000480571249e-01 3.434865981130979515e-08 8.246756428308444908e-01 2.556012936759880297e-02 4.019576361986841873e-01 1.065570950800171640e-02
2.225000000000000089e+00 8.249999999999999556e-01 5.700877125495691367e-01 5.828469180154247642e-01 4.500000009281727165e-01 3.010576407174502332e-08 8.246447009351285384e-01 2.548315180466710628e-02 4.230816371461059711e-01 1.000627839822474871e-02
2.225000000000000089e+00 8.500000000000000888e-01 5.408326913195986574e-01 5.542657574125229303e-01 4.500000156283175401e-01 2.584270164090534460e-08 8.246289713086315531e-01 2.540418867628769367e-02 4.464837266762491930e-01 9.404374888486961154e-03
2.225000000000000089e+00 8.750000000000000000e-01 5.147815070493501066e-01 5.288766678915577391e-01 4.500002272409995840e-01 2.156227659077291634e-08 8.246227787800907150e-01 2.532327217156531834e-02 4.722455421778470885e-01 8.861065419084502778e-03
2.225000000000000089e+00 9.000000000000000222e-01 4.924428900898054073e-01 5.071592746268973606e-01 4.500027969303532771e-01 1.726732823232961683e-08 8.246232931760842932e-01 2.524043507097073827e-02 5.003383918529420438e-01 8.388917307014420038e-03
2.225000000000000089e+00 9.250000000000000444e-01 4.743416490252569950e-01 4.896024201738401471e-01 4.500280075702125515e-01 1.296072553522957058e-08 8.246307689112201134e-01 2.515571071815409995e-02 5.305756148114423310e-01 8.001504219353208769e-03
2.225000000000000089e+00 9.499999999999999556e-01 4.609772228646445424e-01 4.766660569414176707e-01 4.502124534008263845e-01 8.645361157633319441e-09 8.246485232937443843e-01 2.506913299152773583e-02 5.625742870723160483e-01 7.712358197776415791e-03
2.225000000000000089e+00 9.750000000000000888e-01 4.527692569068707540e-01 4.687328981841155651e-01 4.511178145978671505e-01 4.324146158535417644e-09 8.246826564910731960e-01 2.498073627565391974e-02 5.957458886269254572e-01 7.533336835901063497e-03
2.225000000000000089e+00 1.000000000000000000e+00 4.500000000000001776e-01 4.660585047395651159e-01 4.539609473643869686e-01 3.867848252223956384e-12 8.247415506081674508e-01 2.489055543247824243e-02 6.293338493406591683e-01 2.020748635404488207e-05
2.225000000000000089e+00 1.024999999999999911e+00 4.527692569068707540e-01 4.687328981841173414e-01 4.600893826863822200e-01 4.324146176205158544e-09 8.248352121852227103e-01 2.479862577244684035e-02 6.625009037353462027e-01 7.533336836384647156e-03
2.225000000000000089e+00 1.050000000000000044e+00 4.609772228646445980e-01 4.766660569414176707e-01 4.703258813142724426e-01 8.645361175303061995e-09 8.249745368026505377e-01 2.470498302554995432e-02 6.944453768503823232e-01 7.712358198719857297e-03
2.225000000000000089e+00 1.075000000000000178e+00 4.743416490252569950e-01 4.896024201738401471e-01 4.849141134110124818e-01 1.296072554848187253e-08 8.251705749741948814e-01 2.460966331232337240e-02 7.245087106526222342e-01 8.001504220714873022e-03
2.225000000000000089e+00 1.100000000000000089e+00 4.924428900898054073e-01 5.071592746268972496e-01 5.037246177582436202e-01 1.726732825331241295e-08 8.254338670451788484e-01 2.451270311485227033e-02 7.492835308801487626e-01 8.388917308743089329e-03
2.225000000000000089e+00 1.125000000000000000e+00 5.147815070493501066e-01 5.288766678915577391e-01 5.264300782360160635e-01 2.156227660623393777e-08 8.256547823083031368e-01 2.441413924780883732e-02 7.695140660450704440e-01 8.861065421124175029e-03
2.225000000000000089e+00 1.149999999999999911e+00 5.408326913195984353e-01 5.542657574125258169e-01 5.526168082063802611e-01 2.584270165857508715e-08 8.252167416188236349e-01 2.431400882956551157e-02 7.860259672861166225e-01 9.404374890785275470e-03
2.225000000000000089e+00 1.175000000000000044e+00 5.700877125495691367e-01 5.828469180154247642e-01 5.818519401907584765e-01 3.010576411150193083e-08 8.248811244687249689e-01 2.421234925341645208e-02 8.007243638307797173e-01 1.000627840073420836e-02
2.225000000000000089e+00 1.200000000000000178e+00 6.020797289396149221e-01 6.141746737208215734e-01 6.137216975214900838e-01 3.434865982456212192e-08 8.246714687627839657e-01 2.410919815894153190e-02 8.133979870378363897e-01 1.065570951068127784e-02
2.225000000000000089e+00 1.225000000000000089e+00 6.363961030678926267e-01 6.478507002698050687e-01 6.478507002698060679e-01 3.856862535515095788e-08 8.246049752422850432e-01 2.400459340355161342e-02 8.246049751522367410e-01 1.121836679492611323e-02
2.225000000000000089e+00 1.250000000000000000e+00 6.726812023536855589e-01 6.835280022355203489e-01 6.839092959843160457e-01 4.276294314016487686e-08 8.246927200890162846e-01 2.389857303424435669e-02 8.349289873791758687e-01 1.129542571323202335e-02
2.225000000000000089e+00 1.274999999999999911e+00 7.106335201775946242e-01 7.209095157092053618e-01 7.216138792748556519e-01 4.692894681459611059e-08 8.249407865644768911e-01 2.379117525960405127e-02 8.438041723740499211e-01 1.138412992965525186e-02
2.225000000000000089e+00 1.300000000000000044e+00 7.500000000000002220e-01 7.597437264236428511e-01 7.607235436884927093e-01 5.106402601770347981e-08 8.253505521344608464e-01 2.368243842207905236e-02 8.520096666429857191e-01 1.148521187682453176e-02
2.225000000000000089e+00 1.325000000000000178e+00 7.905694150420947697e-01 7.998190606881507847e-01 8.010351571606272314e-01 5.516563090763391976e-08 8.248977210709312891e-01 2.357240097056382058e-02 8.594566252414626017e-01 1.159933676262169498e-02
2.225000000000000089e+00 1.350000000000000089e+00 8.321658488546621602e-01 8.409581023095497043e-01 8.423780660950497268e-01 5.923127690574932883e-08 8.246294225575814263e-01 2.346110143332088421e-02 8.663189289166987050e-01 1.172707758510147837e-02
2.225000000000000089e+00 1.375000000000000000e+00 8.746427842267952002e-01 8.830121912182624655e-01 8.846090569706139828e-01 6.325854862814537876e-08 8.246516670959327389e-01 2.334857839126178169e-02 8.726145194965708729e-01 1.186889310813992252e-02
2.225000000000000089e+00 1.399999999999999911e+00 9.178779875342909511e-01 9.258566464847955979e-01 9.276078568917249800e-01 6.724510388067163722e-08 8.249413998180505914e-01 2.323487045162587333e-02 8.784408591553606316e-01 1.202510965648505813e-02
2.225000000000000089e+00 1.425000000000000044e+00 9.617692030835672812e-01 9.693866771521473247e-01 9.712732595293517290e-01 7.118867730939128699e-08 8.246267071285051653e-01 2.312001622207362356e-02 8.838129722194154603e-01 1.219590738845728779e-02
2.225000000000000089e+00 1.450000000000000178e+00 1.006230589874905323e+00 1.013513951477768016e+00 1.015519862287780128e+00 7.508708353033415677e-08 8.246207292577711900e-01 2.300405428522313625e-02 8.887665304753012974e-01 1.238131145461067104e-02
2.225000000000000089e+00 1.475000000000000089e+00 1.051189802081432090e+00 1.058163753792427775e+00 1.060275354807549419e+00 7.893822037189740486e-08 8.247000208719281744e-01 2.288702317365527705e-02 8.934449234869953349e-01 1.258118817497021376e-02
2.225000000000000089e+00 1.500000000000000000e+00 1.096585609973065534e+00 1.103272645287681986e+00 1.105478283275555418e+00 8.274007155001556808e-08 8.251259826860511959e-01 2.276896134540661379e-02 8.977365330133453281e-01 1.279524609313564126e-02
