1.949999999999999956e+00 5.000000000000000000e-01 1.004987562112088728e+00 1.000095622026811348e+00 9.999999999999897859e-02 1.103418083109604208e-07 6.929779226072705356e-01 2.986549116465428422e-02 6.222070908118876309e-02 1.403042576520138404e-02
1.949999999999999956e+00 5.250000000000000222e-01 9.552486587271398211e-01 9.501006542452177239e-01 9.999999999999897859e-02 1.053790417965889159e-07 6.843026198838242369e-01 2.980037472329308268e-02 6.391602376500371552e-02 1.346377907999973811e-02
1.949999999999999956e+00 5.500000000000000444e-01 9.055385138137416190e-01 9.001062455050475863e-01 9.999999999999366340e-02 1.003357333643805410e-07 6.752130773607006864e-01 2.973232034278447053e-02 6.581909296998134096e-02 1.291177809233864417e-02
1.949999999999999956e+00 5.749999999999999556e-01 8.558621384311844160e-01 8.501124944365856528e-01 9.999999999999567568e-02 9.521493158759346274e-08 6.656656712160453626e-01 2.966136087205865912e-02 6.796356872367509405e-02 1.237666898466021660e-02
1.949999999999999956e+00 5.999999999999999778e-01 8.062257748298550242e-01 8.001195243194563211e-01 9.999999999999631406e-02 9.001985756732137858e-08 6.556077716104770081e-01 2.958753041234544676e-02 7.039130615133609714e-02 1.186085119693916501e-02
1.949999999999999956e+00 6.250000000000000000e-01 7.566372975210777785e-01 7.501274912954438712e-01 9.999999999999831246e-02 8.475390053286485402e-08 6.449750059201386776e-01 2.951086428202970291e-02 7.315498552086019401e-02 1.136668701513397946e-02
1.949999999999999956e+00 6.500000000000000222e-01 7.071067811865474617e-01 7.001365960990693083e-01 9.999999999999892308e-02 7.942061300104797098e-08 6.336874304987565321e-01 2.943139898046807923e-02 7.632180895366080797e-02 1.089634887095555608e-02
1.949999999999999956e+00 6.750000000000000444e-01 6.576473218982952229e-01 6.501471011987922655e-01 9.999999999999734102e-02 7.402370478976351436e-08 6.216440626231544142e-01 2.934917215081920411e-02 7.997881938386836032e-02 1.045187388187949172e-02
1.949999999999999956e+00 6.999999999999999556e-01 6.082762530298220227e-01 6.001593565022482757e-01 9.999999999999917288e-02 6.856703666169452110e-08 6.087148853829769113e-01 2.926422254195477912e-02 8.424073019704098053e-02 1.003513246590180714e-02
1.949999999999999956e+00 7.249999999999999778e-01 5.590169943749475623e-01 5.501738390701554904e-01 1.000000000000106082e-01 6.305461294622876384e-08 5.947288458358279684e-01 2.917658996951177225e-02 8.926175043913281426e-02 9.647798609251634350e-03
1.949999999999999956e+00 7.500000000000000000e-01 5.099019513592785158e-01 5.001912166333923881e-01 1.000000000003875011e-01 5.749057356156644068e-08 5.794552937746964005e-01 2.908631527615322676e-02 9.525397095487941890e-02 9.291323893361071520e-03
1.949999999999999956e+00 7.750000000000000222e-01 4.609772228646443759e-01 4.502124534008299372e-01 1.000000000097969466e-01 5.187918555974696657e-08 5.625742871260506206e-01 2.899344029109812357e-02 1.025169102221158979e-01 8.966917794131014016e-03
1.949999999999999956e+00 8.000000000000000444e-01 4.123105625617660697e-01 4.002389950981699585e-01 1.000000002162651502e-01 4.622483356510541090e-08 5.436272121738352503e-01 2.889800778898900940e-02 1.114868087588160583e-01 8.675536948568899828e-03
1.949999999999999956e+00 8.249999999999999556e-01 3.640054944640259693e-01 3.502731122955252685e-01 1.000000041767867415e-01 4.053201008904218638e-08 5.219309563486147496e-01 2.880006144816322361e-02 1.228224483297069014e-01 8.417885884302016980e-03
1.949999999999999956e+00 8.500000000000000888e-01 3.162277660168378857e-01 3.003185861667467815e-01 1.000000703274088465e-01 3.480530496351349423e-08 4.964210567486233017e-01 2.869964580839253973e-02 1.375618436420446011e-01 8.194430994276209052e-03
1.949999999999999956e+00 8.750000000000000000e-01 2.692582403567252425e-01 2.503822142189683353e-01 1.000010225795256308e-01 2.904939446971873024e-08 4.653487800979164146e-01 2.859680622815826551e-02 1.574232960280030902e-01 8.005428262861245120e-03
1.949999999999999956e+00 9.000000000000000222e-01 2.236067977499789361e-01 2.004775628273471888e-01 1.000125854337444720e-01 2.326902977766758692e-08 4.256632116177241909e-01 2.849158884153002100e-02 1.854118567853797472e-01 7.850963497978554959e-03
1.949999999999999956e+00 9.250000000000000444e-01 1.802775637731994784e-01 1.506361616518216429e-01 1.001259586601687679e-01 1.746902509419689673e-08 3.717095994681280380e-01 2.838404051471289657e-02 2.270634663416821741e-01 7.731001844741939091e-03
1.949999999999999956e+00 9.499999999999999556e-01 1.414213562373096422e-01 1.009517369696711353e-01 1.009517369696686651e-01 1.165424567846338519e-08 2.927084608741571392e-01 2.827420880232882350e-02 2.927084594334102285e-01 7.645441528775314549e-03
1.949999999999999956e+00 9.750000000000000888e-01 1.118033988749895513e-01 5.187728980193306860e-02 1.049155977324440492e-01 5.829595649817526510e-09 1.709684282944877176e-01 2.816214190350027971e-02 3.983824367947389478e-01 7.594165528009184062e-03
1.949999999999999956e+00 1.000000000000000000e+00 1.000000000000001166e-01 1.382943228024311605e-02 1.165355813988704498e-01 5.214725363262239749e-12 1.642752324819696241e-04 2.804788861779910700e-02 5.473139138893056144e-01 7.577084555528814346e-03
1.949999999999999956e+00 1.024999999999999911e+00 1.118033988749894125e-01 5.187728980192880812e-02 1.384999641181767216e-01 5.829595671904709666e-09 1.709684288896637372e-01 2.793149830112763923e-02 6.468397142073856187e-01 7.594165528145622665e-03
1.949999999999999956e+00 1.050000000000000044e+00 1.414213562373096422e-01 1.009517369696711353e-01 1.694297336185347225e-01 1.165424570938541977e-08 2.927084612622735116e-01 2.781302082159251010e-02 6.960680542515605973e-01 7.645441529048939422e-03
1.949999999999999956e+00 1.075000000000000178e+00 1.802775637731994507e-01 1.506361616518216429e-01 2.064986619452737204e-01 1.746902512070151387e-08 3.717095997244653227e-01 2.769250651543697997e-02 7.243252269619960826e-01 7.731001845152692988e-03
1.949999999999999956e+00 1.100000000000000089e+00 2.236067977499791026e-01 2.004775628273492982e-01 2.474641196935166154e-01 2.326902979975473203e-08 4.256632117999569198e-01 2.757000614309365952e-02 7.490955065560886972e-01 7.850963498527208095e-03
1.949999999999999956e+00 1.125000000000000000e+00 2.692582403567252425e-01 2.503822142189683353e-01 2.909099985761547380e-01 2.904939451831045609e-08 4.653487802367702875e-01 2.744557084541572947e-02 7.692085820629792625e-01 8.005428263548117554e-03
1.949999999999999956e+00 1.149999999999999911e+00 3.162277660168377746e-01 3.003185861667455603e-01 3.359841316375045128e-01 3.480530499885303228e-08 4.964210568603009133e-01 2.731925210014696584e-02 7.859889206413752660e-01 8.194430995101323334e-03
1.949999999999999956e+00 1.175000000000000044e+00 3.640054944640260248e-01 3.502731122955252685e-01 3.821670842756519915e-01 4.053201010229459917e-08 5.219309564421441561e-01 2.719110167869124087e-02 8.010661832095060664e-01 8.417885885264061660e-03
1.949999999999999956e+00 1.200000000000000178e+00 4.123105625617657921e-01 4.002389950981699585e-01 4.291320566080534249e-01 4.622483359161003797e-08 5.436272122545674490e-01 2.706117160323402715e-02 8.133235261774676150e-01 8.675536949667512349e-03
1.949999999999999956e+00 1.225000000000000089e+00 4.609772228646445980e-01 4.502124534008276613e-01 4.766660569414202797e-01 5.187918556858183123e-08 5.625742871973411496e-01 2.692951410427173176e-02 8.246484555978897957e-01 8.966917795363051058e-03
1.949999999999999956e+00 1.250000000000000000e+00 5.099019513592784048e-01 5.001912166333923881e-01 5.246255094195960700e-01 5.749057358586220434e-08 5.794552938387543817e-01 2.679618157860384070e-02 8.346850148688238491e-01 9.291323894723741914e-03
1.949999999999999956e+00 1.274999999999999911e+00 5.590169943749467851e-01 5.501738390701551573e-01 5.729106306939143467e-01 6.305461298156807689e-08 5.947288458941684119e-01 2.666122654783750073e-02 8.437808454571230632e-01 9.647798610740068725e-03
1.949999999999999956e+00 1.300000000000000044e+00 6.082762530298220227e-01 6.001593565022482757e-01 6.214501668854726102e-01 6.856703668526578042e-08 6.087148854366762896e-01 2.652470161745339519e-02 8.520353485317196940e-01 1.003513246751088460e-02
1.949999999999999956e+00 1.325000000000000178e+00 6.576473218982952229e-01 6.501471011987922655e-01 6.701920045832781003e-01 7.402370482510305241e-08 6.216440626730012076e-01 2.638665943648134393e-02 8.594692100392830048e-01 1.045187388360300194e-02
1.949999999999999956e+00 1.350000000000000089e+00 7.071067811865476838e-01 7.001365960990693083e-01 7.190972161245217098e-01 7.942061302258293663e-08 6.336874305453427114e-01 2.414150122661571848e-02 8.663158363769494219e-01 1.089634887278641794e-02
1.949999999999999956e+00 1.375000000000000000e+00 7.566372975210778895e-01 7.501274912954438712e-01 7.681361752153332834e-01 8.475390057262164242e-08 6.449750059639195454e-01 2.183372397673642371e-02 8.726043165209247388e-01 1.136668701706433290e-02
1.949999999999999956e+00 1.399999999999999911e+00 8.062257748298546911e-01 8.001195243194553219e-01 8.172859574024637919e-01 9.001985757298130567e-08 6.556077716518112775e-01 1.984490640762517910e-02 8.784512744047163757e-01 1.186085119896037113e-02
1.949999999999999956e+00 1.425000000000000044e+00 8.558621384311846381e-01 8.501124944365856528e-01 8.665285596428877746e-01 9.521493163176773971e-08 6.656656712552173616e-01 1.811730866194050799e-02 8.837850663342684543e-01 1.237666898676384637e-02
1.949999999999999956e+00 1.450000000000000178e+00 9.055385138137416190e-01 9.001062455050475863e-01 9.158496550749980480e-01 1.003357333886765165e-07 6.752130773979430067e-01 1.660599130093444800e-02 8.887661984685187866e-01 1.291177809451436384e-02
1.949999999999999956e+00 1.475000000000000089e+00 9.552486587271402652e-01 9.501006542452172798e-01 9.652377054447645044e-01 1.053790417833365428e-07 6.843026199193277259e-01 1.527549700400497590e-02 8.934126471743106812e-01 1.346377908223841437e-02
1.949999999999999956e+00 1.500000000000000000e+00 1.004987562112088950e+00 1.000095622026811348e+00 1.014683317490672643e+00 1.103418083093039023e-07 6.929779226411939552e-01 1.409750618573070609e-02 8.977398386472696945e-01 1.400522362316875338e-02
