2.325000000000000178e+00 5.000000000000000000e-01 1.192686044187656558e+00 1.199648833203849074e+00 6.500000000000002442e-01 7.502636248305589108e-08 8.594830912109876486e-01 2.518094227411140501e-02 3.659926840716842822e-01 1.264231621629600434e-02
2.325000000000000178e+00 5.250000000000000222e-01 1.151086443322133501e+00 1.158299323580635143e+00 6.499999999999985789e-01 7.155773418554561030e-08 8.594939967861691121e-01 2.513425728117475375e-02 3.729621803975420313e-01 1.249183172263580721e-02
2.325000000000000178e+00 5.500000000000000444e-01 1.110180165558726006e+00 1.117657068607071924e+00 6.499999999999931388e-01 6.804739278086494994e-08 8.594558263720767366e-01 2.508544187268829315e-02 3.805397990735338576e-01 1.235260700227373831e-02
2.325000000000000178e+00 5.749999999999999556e-01 1.070046727951635024e+00 1.077802079700794113e+00 6.499999999999963585e-01 6.449708127040600509e-08 8.594947880756623748e-01 2.503451638134069485e-02 3.887732234446890089e-01 1.222463454700085939e-02
2.325000000000000178e+00 5.999999999999999778e-01 1.030776406404414924e+00 1.038824972267875957e+00 6.499999999999951372e-01 6.090861041021024223e-08 8.596041250994715943e-01 2.498150193734067354e-02 3.977138367187778578e-01 1.210779600765046760e-02
2.325000000000000178e+00 6.250000000000000000e-01 9.924716620639606468e-01 1.000828318447948728e+00 6.499999999999988010e-01 5.728385632003128776e-08 8.595926351003768673e-01 2.492642044936763807e-02 4.074163867098270497e-01 1.200186702339369957e-02
2.325000000000000178e+00 6.500000000000000222e-01 9.552486587271398211e-01 9.639280694156362461e-01 6.499999999999981348e-01 5.362475816528455758e-08 8.595285377641849189e-01 2.486929458492387335e-02 4.179383306807958331e-01 1.190652497630306089e-02
2.325000000000000178e+00 6.750000000000000444e-01 9.192388155425116336e-01 9.282549881403044933e-01 6.499999999999953593e-01 4.993331519073745227e-08 8.594885223409451935e-01 2.481014775011676152e-02 4.293387356070550998e-01 1.163932572690014496e-02
2.325000000000000178e+00 6.999999999999999556e-01 8.845903006477069397e-01 8.939559961247272035e-01 6.499999999999985789e-01 4.621158408992732763e-08 8.594666895961105002e-01 2.474900406890045632e-02 4.416765812067014463e-01 1.091109092236623376e-02
2.325000000000000178e+00 7.249999999999999778e-01 8.514693182963202212e-01 8.611952873810666542e-01 6.500000000000023537e-01 4.246167563796810212e-08 8.594574734079161171e-01 2.468588836180959922e-02 4.550082906019561890e-01 1.018898168445653285e-02
2.325000000000000178e+00 7.500000000000000000e-01 8.200609733428363413e-01 8.301549993870752653e-01 6.500000000000552003e-01 3.868575138399594438e-08 8.594558947727199971e-01 2.462082612421396741e-02 4.693843076068549558e-01 9.476282339432064855e-03
2.325000000000000178e+00 7.750000000000000222e-01 7.905694150420946587e-01 8.010351571606300070e-01 6.500000000015062618e-01 3.488602030716821851e-08 8.594578056046495718e-01 2.455384350412722835e-02 4.848445681106143268e-01 8.777065002531045379e-03
2.325000000000000178e+00 8.000000000000000444e-01 7.632168761236877152e-01 7.740525324597510304e-01 6.500000000332719630e-01 3.106473488514531563e-08 8.594601302397384401e-01 2.448496727960113722e-02 5.014128004859013110e-01 8.096491965066969845e-03
2.325000000000000178e+00 8.249999999999999556e-01 7.382411530116703702e-01 7.494380047791512345e-01 6.500000006425804555e-01 2.722418740994776302e-08 8.594609897579212898e-01 2.441422483573782443e-02 5.190897646244818642e-01 7.441231323468070445e-03
2.325000000000000178e+00 8.500000000000000888e-01 7.158910531638180696e-01 7.274320057622943869e-01 6.500000108196050119e-01 2.336670590403569901e-08 8.594598197329690326e-01 2.434164414135154761e-02 5.378458226445034240e-01 6.820007767677132259e-03
2.325000000000000178e+00 8.750000000000000000e-01 6.964194138592062489e-01 7.082777160177717857e-01 6.500001573207117023e-01 1.949464990828250928e-08 8.594574012409116337e-01 2.426725372531801303e-02 5.576136214858329332e-01 6.244276797660424684e-03
2.325000000000000178e+00 9.000000000000000222e-01 6.800735254367724636e-01 6.922119061438904986e-01 6.500019363395308503e-01 1.561040630970597283e-08 8.594558179886486737e-01 2.419108265263183316e-02 5.782820992378006064e-01 5.728908493771653343e-03
2.325000000000000178e+00 9.250000000000000444e-01 6.670832032063169770e-01 6.794536945277123152e-01 6.500193901704909294e-01 1.171638493507430996e-08 8.594583189437364767e-01 2.411316050022224017e-02 5.996933670125643712e-01 5.292535439313971607e-03
2.325000000000000178e+00 9.499999999999999556e-01 6.576473218982956670e-01 6.701920045832806538e-01 6.501471011987887128e-01 7.815014051746803137e-09 8.594692101004203222e-01 2.403351733254515538e-02 6.216440625887103000e-01 4.956843043486147682e-03
2.325000000000000178e+00 9.750000000000000888e-01 6.519202405202648709e-01 6.645730381285079869e-01 6.507743715355986946e-01 3.908736221909050552e-09 8.594935798442915331e-01 2.395218367699276929e-02 6.438923194797111504e-01 4.743818791286153261e-03
2.325000000000000178e+00 1.000000000000000000e+00 6.500000000000003553e-01 6.626894619709513545e-01 6.527484521099766734e-01 3.496373822099463072e-12 8.595370653528314753e-01 2.386919049915087188e-02 6.661704782863722141e-01 1.213929421121518474e-05
2.325000000000000178e+00 1.024999999999999911e+00 6.519202405202650930e-01 6.645730381285103183e-01 6.570252963628830933e-01 3.908736232952631376e-09 8.596055954324570703e-01 2.378456917793753123e-02 6.882022814362269703e-01 4.743818791867127765e-03
2.325000000000000178e+00 1.050000000000000044e+00 6.576473218982956670e-01 6.701920045832806538e-01 6.642337198863409453e-01 7.815014082668857570e-09 8.597051390560066508e-01 2.369835148065277397e-02 7.097220024333386057e-01 4.956843044597460113e-03
2.325000000000000178e+00 1.075000000000000178e+00 6.670832032063169770e-01 6.794536945277123152e-01 6.746419030753947332e-01 1.171638493949176545e-08 8.598414749398138879e-01 2.361056953797607133e-02 7.304923104229434916e-01 5.292535440873059535e-03
2.325000000000000178e+00 1.100000000000000089e+00 6.800735254367725746e-01 6.922119061438899434e-01 6.882866339946513978e-01 1.561040633841926478e-08 8.600199929591696435e-01 2.352125581893913658e-02 7.503179753851287881e-01 5.728908495688779523e-03
2.325000000000000178e+00 1.125000000000000000e+00 6.964194138592062489e-01 7.082777160177717857e-01 7.050734906884384978e-01 1.949464991711738718e-08 8.599577525081933960e-01 2.343044310590731982e-02 7.690536591838607050e-01 6.244276799853619962e-03
2.325000000000000178e+00 1.149999999999999911e+00 7.158910531638178476e-01 7.274320057622959412e-01 7.248346961288503199e-01 2.336670592833160826e-08 8.597432893217328287e-01 2.333816446959954827e-02 7.859944998529750926e-01 6.820007770079711262e-03
2.325000000000000178e+00 1.175000000000000044e+00 7.382411530116704812e-01 7.494380047791512345e-01 7.473631515560237304e-01 2.722418745412211941e-08 8.595817264160958704e-01 2.324445324417856451e-02 8.010506770437600954e-01 7.441231326027900397e-03
2.325000000000000178e+00 1.200000000000000178e+00 7.632168761236872712e-01 7.740525324597510304e-01 7.724340243727331190e-01 3.106473489066709033e-08 8.594833767870002639e-01 2.314934300243867010e-02 8.133226486038264147e-01 8.096491967743816437e-03
2.325000000000000178e+00 1.225000000000000089e+00 7.905694150420952138e-01 8.010351571606300070e-01 7.998190606881492304e-01 3.488602033809026798e-08 8.594566328626564999e-01 2.305286753112344503e-02 8.246223839665925981e-01 8.777065005294681921e-03
2.325000000000000178e+00 1.250000000000000000e+00 8.200609733428365633e-01 8.301549993870752653e-01 8.292960419137245243e-01 3.868575141050050527e-08 8.595079103731794179e-01 2.295506080639648019e-02 8.348155793505604993e-01 9.476282342258765534e-03
2.325000000000000178e+00 1.274999999999999911e+00 8.514693182963202212e-01 8.611952873810658771e-01 8.606547453898698574e-01 4.246167564680305280e-08 8.596419374718750062e-01 2.285595696950131622e-02 8.437639132163285982e-01 1.018898168732879778e-02
2.325000000000000178e+00 1.300000000000000044e+00 8.845903006477068287e-01 8.939559961247272035e-01 8.937003468288364783e-01 4.621158414293653544e-08 8.598616308730760993e-01 2.275559030262760268e-02 8.520429378047142954e-01 1.091109092526903329e-02
2.325000000000000178e+00 1.325000000000000178e+00 9.192388155425118557e-01 9.282549881403044933e-01 9.282549881402986092e-01 4.993331521282472310e-08 8.598735917815607532e-01 2.265399520501663877e-02 8.595549326293933090e-01 1.163932572982147653e-02
2.325000000000000178e+00 1.350000000000000089e+00 9.552486587271400431e-01 9.639280694156324714e-01 9.641580815602950327e-01 5.362475816418013250e-08 8.595991319077770365e-01 2.255120616932806271e-02 8.663074934752995615e-01 1.190652497666372378e-02
2.325000000000000178e+00 1.375000000000000000e+00 9.924716620639606468e-01 1.000828318447948728e+00 1.001265790724139126e+00 5.728385633811533531e-08 8.594684383252292337e-01 2.244725775829571612e-02 8.726227125798903250e-01 1.200186702379605480e-02
2.325000000000000178e+00 1.399999999999999911e+00 1.030776406404415368e+00 1.038824972267875069e+00 1.039450016194746862e+00 6.090861041462762493e-08 8.594786575032606901e-01 2.234218458169161259e-02 8.784074156433360203e-01 1.210779600809603479e-02
2.325000000000000178e+00 1.425000000000000044e+00 1.070046727951635024e+00 1.077802079700794113e+00 1.078597118796810195e+00 6.449708129691051304e-08 8.596252341508962003e-01 2.223602127362302866e-02 8.838288437539461029e-01 1.222463454749027519e-02
2.325000000000000178e+00 1.450000000000000178e+00 1.110180165558725562e+00 1.117657068607071924e+00 1.118606539718496551e+00 6.804739279080419336e-08 8.597317402638771089e-01 2.212880247018463031e-02 8.887680372942700080e-01 1.235260700280813723e-02
2.325000000000000178e+00 1.475000000000000089e+00 1.151086443322133501e+00 1.158299323580636475e+00 1.159389420346875310e+00 7.155773420763274879e-08 8.594998191854097414e-01 2.202056278748548007e-02 8.934859135117455553e-01 1.249183172321540435e-02
2.325000000000000178e+00 1.500000000000000000e+00 1.192686044187656558e+00 1.199648833203849074e+00 1.200867284421501147e+00 7.502636252281275889e-08 8.594652021497740657e-01 2.191133680007139456e-02 8.977371729563828895e-01 1.264231621692011968e-02
