1.824999999999999956e+00 5.000000000000000000e-01 1.059481005020854516e+00 1.000000000417678336e+00 3.499999999999978129e-01 1.270718003759153697e-07 6.288821842055778433e-01 3.171389166871765170e-02 2.112937274479551042e-01 1.614232120939978685e-02
1.824999999999999956e+00 5.250000000000000222e-01 1.012422836565829432e+00 9.500000004396608189e-01 3.499999999999955369e-01 1.214286587895928887e-07 6.160897776316760499e-01 3.164071078347224092e-02 2.164546477669114233e-01 1.532943013641151035e-02
1.824999999999999956e+00 5.500000000000000444e-01 9.656603957913982850e-01 9.000000004640873463e-01 3.499999999999975353e-01 1.156830301765176765e-07 6.025123462846482258e-01 3.156424256941489648e-02 2.221823689852270300e-01 1.451967146180811394e-02
1.824999999999999956e+00 5.749999999999999556e-01 9.192388155425118557e-01 8.500000004913832452e-01 3.499999999999936495e-01 1.098386074842514215e-07 5.880603445733301182e-01 3.148452586601195591e-02 2.285515194629462732e-01 1.371556296839747738e-02
1.824999999999999956e+00 5.999999999999999778e-01 8.732124598286487016e-01 8.000000005220981869e-01 3.499999999999993117e-01 1.038993263543492066e-07 5.726285430432139778e-01 3.140160097737269840e-02 2.356506166196910002e-01 1.291963585137315476e-02
1.824999999999999956e+00 6.250000000000000000e-01 8.276472678623421064e-01 7.500000005569027461e-01 3.499999999999979794e-01 9.786936008427021938e-08 5.560926248311558462e-01 3.131550962877907573e-02 2.435850300433100024e-01 1.213443108397258517e-02
1.824999999999999956e+00 6.500000000000000222e-01 7.826237921249263874e-01 7.000000005966833250e-01 3.499999999999971467e-01 9.175311345732329305e-08 5.383050071876303022e-01 3.122629492195108658e-02 2.524805910621480409e-01 1.136250522166226164e-02
1.824999999999999956e+00 6.750000000000000444e-01 7.382411530116693710e-01 6.500000006425824539e-01 3.499999999999974243e-01 8.555521547377497487e-08 5.190897645376510994e-01 3.113400128912664072e-02 2.624879310169703772e-01 1.060645002705600318e-02
1.824999999999999956e+00 6.999999999999999556e-01 6.946221994724900428e-01 6.000000006961270227e-01 3.499999999999980349e-01 7.928051068052363695e-08 4.982365787765297149e-01 3.103867444603579731e-02 2.737875701815958851e-01 9.868931831816665085e-03
1.824999999999999956e+00 7.249999999999999778e-01 6.519202405202647599e-01 5.500000007594150198e-01 3.500000000000001443e-01 7.293404955544478227e-08 4.754937827141949014e-01 3.094036134385083625e-02 2.865956292941719830e-01 9.152511295676245967e-03
1.824999999999999956e+00 7.500000000000000000e-01 6.103277807866851479e-01 5.000000008353573389e-01 3.500000000001071698e-01 6.652107762282497249e-08 4.505608853017088467e-01 3.083911012019341022e-02 3.011697117807339286e-01 8.460366397843404468e-03
1.824999999999999956e+00 7.750000000000000222e-01 5.700877125495686926e-01 4.500000009281718283e-01 3.500000000027949643e-01 6.004702357376948987e-08 4.230816369835906365e-01 3.073497004928379267e-02 3.178138603625412228e-01 7.796048162112127408e-03
1.824999999999999956e+00 8.000000000000000444e-01 5.315072906367324101e-01 4.000000010441957521e-01 3.500000000617883300e-01 5.351748637833012938e-08 3.926399837456500674e-01 3.062799149131341381e-02 3.368802931783810295e-01 7.163642233256030389e-03
1.824999999999999956e+00 8.249999999999999556e-01 4.949747468305832343e-01 3.500000011933650512e-01 3.500000011933649402e-01 4.693822115964566050e-08 3.587635614126684080e-01 3.051822584112782316e-02 3.587635609338359344e-01 6.568171496873591135e-03
1.824999999999999956e+00 8.500000000000000888e-01 4.609772228646442649e-01 3.000000013922614617e-01 3.500000200935508010e-01 4.031512457553799027e-08 3.209430765961638343e-01 3.040572547630327610e-02 3.838796048940481542e-01 6.015993189604826492e-03
1.824999999999999956e+00 8.750000000000000000e-01 4.301162633521313228e-01 2.500000016707140116e-01 3.500002921669496114e-01 3.365421884064250864e-08 2.786808018109450669e-01 3.029054370470409679e-02 4.126183442159110926e-01 5.515257701343903932e-03
1.824999999999999956e+00 9.000000000000000222e-01 4.031128874149275121e-01 2.000000020883912211e-01 3.500035960460150530e-01 2.696163544373526219e-08 2.315851548223084588e-01 3.017273471159972673e-02 4.452563025625728144e-01 5.076322729010039267e-03
1.824999999999999956e+00 9.250000000000000444e-01 3.807886552931954438e-01 1.500000027845237727e-01 3.500360090013838743e-01 2.024359796611118791e-08 1.795238393250520037e-01 3.005235350643718772e-02 4.818219097223043201e-01 4.711866408611911985e-03
1.824999999999999956e+00 9.499999999999999556e-01 3.640054944640260248e-01 1.000000041767888370e-01 3.502731122955200505e-01 1.350640439609905446e-08 1.228224489041775946e-01 2.992945586933947605e-02 5.219309558232426705e-01 4.436247380646698123e-03
1.824999999999999956e+00 9.750000000000000888e-01 3.535533905932738419e-01 5.000000835357632650e-02 3.514360292393992058e-01 6.756409491615535271e-09 6.244056965422861705e-02 2.980409829742529382e-02 5.646570421412268059e-01 4.263608168308424817e-03
1.824999999999999956e+00 1.000000000000000000e+00 3.500000000000000888e-01 2.890255603649177825e-05 3.550782191742724581e-01 6.043820320110168838e-12 5.617011867592447416e-05 2.967633795102628258e-02 6.085434328462184794e-01 4.204705358179646954e-03
1.824999999999999956e+00 1.024999999999999911e+00 3.535533905932737309e-01 5.000000835357523016e-02 3.628804762738450096e-01 6.756409526955032787e-09 6.244056990114854599e-02 2.954623259988556697e-02 6.518311722465025548e-01 4.263608168776692603e-03
1.824999999999999956e+00 1.050000000000000044e+00 3.640054944640260248e-01 1.000000041767888370e-01 3.757744464889095637e-01 1.350640444054950388e-08 1.228224491392159723e-01 2.941384056941798164e-02 6.928439753512458665e-01 4.436247381551661727e-03
1.824999999999999956e+00 1.075000000000000178e+00 3.807886552931954993e-01 1.500000027845237727e-01 3.938803084506620200e-01 2.024359798819835949e-08 1.795238395429880063e-01 2.927922068711081433e-02 7.255817780655291482e-01 4.711866409901962517e-03
1.824999999999999956e+00 1.100000000000000089e+00 4.031128874149276231e-01 2.000000020883922203e-01 4.168194939487457895e-01 2.696163546582241391e-08 2.315851550206591281e-01 2.914243222914537218e-02 7.489401467516381139e-01 5.076322730625925511e-03
1.824999999999999956e+00 1.125000000000000000e+00 4.301162633521313783e-01 2.500000016707140116e-01 4.439916973002709932e-01 3.365421882297286535e-08 2.786808019894614907e-01 2.900353486730949601e-02 7.693091709151089752e-01 5.515257703230891026e-03
1.824999999999999956e+00 1.149999999999999911e+00 4.609772228646443204e-01 3.000000013922611286e-01 4.747476558259188240e-01 4.031512460204265704e-08 3.209430767560161324e-01 2.886258861628433758e-02 7.859849391658494389e-01 6.015993191716892223e-03
1.824999999999999956e+00 1.175000000000000044e+00 4.949747468305832898e-01 3.500000011933650512e-01 5.084797737410509111e-01 4.693822117786761559e-08 3.587635615557175361e-01 2.871965378136776686e-02 8.007755266655088855e-01 6.568171499173735585e-03
1.824999999999999956e+00 1.200000000000000178e+00 5.315072906367322991e-01 4.000000010441957521e-01 5.446598222823657576e-01 5.351748638274769737e-08 3.926399838739549342e-01 2.857479090671310312e-02 8.133429018962299306e-01 7.163642235715472761e-03
1.824999999999999956e+00 1.225000000000000089e+00 5.700877125495689146e-01 4.500000009281728275e-01 5.828469180154230989e-01 6.004702360027402429e-08 4.230816370991354325e-01 2.842806072414635205e-02 8.246446446230213390e-01 7.796048164708755182e-03
1.824999999999999956e+00 1.250000000000000000e+00 6.103277807866851479e-01 5.000000008353573389e-01 6.226812387841553775e-01 6.652107765374696902e-08 4.505608854062757018e-01 2.827952410262912775e-02 8.346904654274517332e-01 8.460366400558796615e-03
1.824999999999999956e+00 1.274999999999999911e+00 6.519202405202646489e-01 5.500000007594165741e-01 6.638724205463722994e-01 7.293404957863642525e-08 4.754937828093280250e-01 2.812924199843029605e-02 8.437564921405816820e-01 9.152511298495856831e-03
1.824999999999999956e+00 1.300000000000000044e+00 6.946221994724900428e-01 6.000000006961270227e-01 7.061871635211036669e-01 7.928051072028055770e-08 4.982365788635392256e-01 2.797727540606691904e-02 8.520703072636895969e-01 9.868931834725763394e-03
1.824999999999999956e+00 1.325000000000000178e+00 7.382411530116697040e-01 6.500000006425824539e-01 7.494380047791513455e-01 8.555521549586207366e-08 5.190897646176346747e-01 2.782368531007398810e-02 8.594602202196539587e-01 1.060645003004486234e-02
1.824999999999999956e+00 1.350000000000000089e+00 7.826237921249266094e-01 7.000000005966837691e-01 7.934738850384663866e-01 9.175311348493223932e-08 5.383050072615083170e-01 2.766853263765598619e-02 8.663315729581800850e-01 1.136250522472002401e-02
1.824999999999999956e+00 1.375000000000000000e+00 8.276472678623425505e-01 7.500000005569027461e-01 8.381725261987773568e-01 9.786936009310501125e-08 5.560926248996956867e-01 2.751187821227446539e-02 8.726284834322324269e-01 1.213443108708857007e-02
1.824999999999999956e+00 1.399999999999999911e+00 8.732124598286489237e-01 8.000000005220967436e-01 8.834343983382468846e-01 1.038993263709149211e-07 5.726285431070592402e-01 2.735378270822171054e-02 8.784082427048599540e-01 1.291963585453711691e-02
1.824999999999999956e+00 1.425000000000000044e+00 9.192388155425119667e-01 8.500000004913832452e-01 9.291779940769029356e-01 1.098386075361565946e-07 5.880603446330212591e-01 2.719430660622419726e-02 8.837798280359892011e-01 1.371556297159928252e-02
1.824999999999999956e+00 1.450000000000000178e+00 9.656603957913982850e-01 9.000000004640873463e-01 9.753361424150072123e-01 1.156830302030223565e-07 6.025123463406427682e-01 2.703351015012385450e-02 8.887676858620705556e-01 1.451967146503736934e-02
1.824999999999999956e+00 1.475000000000000089e+00 1.012422836565829432e+00 9.500000004396614850e-01 1.021853134267482144e+00 1.214286587741318110e-07 6.160897776843605733e-01 2.687145330467643686e-02 8.934067751261811630e-01 1.443947554636102609e-02
1.824999999999999956e+00 1.500000000000000000e+00 1.059481005020854294e+00 1.000000000417678336e+00 1.068682476133055559e+00 1.270718004245071617e-07 6.288821842552837493e-01 2.670819571450170488e-02 8.977352901464780155e-01 1.427990036283281576e-02
