1.774999999999999911e+00 5.000000000000000000e-01 1.096585609973065090e+00 1.000000000000978106e+00 4.499999999999974021e-01 1.347270048204826207e-07 6.052140241873130710e-01 3.250048302272526279e-02 2.662917349166291636e-01 1.759211888216346761e-02
1.774999999999999911e+00 5.250000000000000222e-01 1.051189802081431424e+00 9.500000000010304646e-01 4.499999999999967915e-01 1.287782724172369924e-07 5.911113083774712784e-01 3.242373627256423668e-02 2.723455838698419229e-01 1.668264128448432651e-02
1.774999999999999911e+00 5.500000000000000444e-01 1.006230589874905323e+00 9.000000000010862644e-01 4.499999999999959033e-01 1.227162923645688822e-07 5.761495697692007312e-01 3.234354839213331861e-02 2.790198851515005019e-01 1.577054180789522198e-02
1.774999999999999911e+00 5.749999999999999556e-01 9.617692030835672812e-01 8.500000000011520562e-01 4.499999999999955702e-01 1.165450519592173148e-07 5.602397936008630674e-01 3.225996095935140806e-02 2.863855675059754913e-01 1.485818662162617133e-02
1.774999999999999911e+00 5.999999999999999778e-01 9.178779875342909511e-01 8.000000000012217338e-01 4.499999999999970690e-01 1.102688178217632984e-07 5.432800307129261874e-01 3.217301711289721061e-02 2.945243747249514099e-01 1.394789606441528343e-02
1.774999999999999911e+00 6.250000000000000000e-01 8.746427842267947561e-01 7.500000000013055113e-01 4.499999999999985123e-01 1.038921309854935419e-07 5.251534049399887438e-01 3.208276150481992328e-02 3.035304263414917991e-01 1.304192053528460161e-02
1.774999999999999911e+00 6.500000000000000222e-01 8.321658488546617161e-01 7.000000000013977264e-01 4.499999999999984013e-01 9.741980011237244380e-08 5.057259727162253249e-01 3.198924025178281894e-02 3.135118438805123420e-01 1.214242116342355293e-02
1.774999999999999911e+00 6.750000000000000444e-01 7.905694150420947697e-01 6.500000000015087043e-01 4.499999999999994560e-01 9.085689340745012460e-08 4.848445679861318469e-01 3.189250088503037261e-02 3.245923045262792406e-01 1.125145867238004638e-02
1.774999999999999911e+00 6.999999999999999556e-01 7.500000000000000000e-01 6.000000000016343371e-01 4.499999999999988454e-01 8.420872914247094784e-08 4.623348947060186287e-01 3.179259229916309160e-02 3.369122664916981424e-01 1.037099546646712452e-02
1.774999999999999911e+00 7.249999999999999778e-01 7.106335201775949573e-01 5.500000000017795099e-01 4.499999999999995115e-01 7.748086485965764288e-08 4.380003404300912839e-01 3.168956469981221852e-02 3.506294234801104470e-01 9.502918635628831642e-03
1.774999999999999911e+00 7.500000000000000000e-01 6.726812023536855589e-01 5.000000000019581003e-01 4.500000000000852762e-01 7.067908492558213149e-08 4.116223142370092347e-01 3.158346955030507525e-02 3.659176623284459695e-01 8.649096192531258512e-03
1.774999999999999911e+00 7.750000000000000222e-01 6.363961030678927377e-01 4.500000000021774360e-01 4.500000000021762148e-01 6.380938713639234224e-08 3.829633966539163215e-01 3.147435951741207882e-02 3.829633962648382739e-01 7.811487194834665533e-03
1.774999999999999911e+00 8.000000000000000444e-01 6.020797289396149221e-01 4.000000000024470648e-01 4.500000000480575135e-01 5.687796778135245170e-08 3.517752369267130863e-01 3.136228841627072828e-02 4.019576356077250723e-01 6.992232794935354656e-03
1.774999999999999911e+00 8.249999999999999556e-01 5.700877125495691367e-01 3.500000000027998492e-01 4.500000009281729385e-01 4.989120558766913844e-08 3.178138607934338222e-01 3.124731115457482500e-02 4.230816365683839342e-01 6.194016412705363045e-03
1.774999999999999911e+00 8.500000000000000888e-01 5.408326913195986574e-01 3.000000000032648773e-01 4.500000156283183173e-01 4.285564446156343577e-08 2.808655621051677209e-01 3.112948367612957887e-02 4.464837261201775043e-01 5.421290403372689033e-03
1.774999999999999911e+00 8.750000000000000000e-01 5.147815070493501066e-01 2.500000000039187542e-01 4.500002272409995840e-01 3.577797535358868246e-08 2.407861599000155062e-01 3.100886290385915928e-02 4.722455416537125750e-01 4.680703220113643058e-03
1.774999999999999911e+00 9.000000000000000222e-01 4.924428900898054073e-01 2.000000000048972881e-01 4.500027969303516118e-01 2.866501705050906869e-08 1.975539435463287696e-01 3.088550668236653834e-02 5.003383913725537591e-01 3.983603274493922874e-03
1.774999999999999911e+00 9.250000000000000444e-01 4.743416490252569950e-01 1.500000000065336569e-01 4.500280075702123850e-01 2.152369615105742762e-08 1.513308130230263671e-01 3.075947372013531494e-02 5.305756143872383257e-01 3.350238659652105683e-03
1.774999999999999911e+00 9.499999999999999556e-01 4.609772228646445424e-01 1.000000000097979180e-01 4.502124534008247747e-01 1.436102648067904499e-08 1.025169106873305425e-01 3.063082353146817302e-02 5.625742867158642913e-01 2.816980629659609353e-03
1.774999999999999911e+00 9.750000000000000888e-01 4.527692569068707540e-01 5.000000001959701429e-02 4.511178145978630427e-01 7.184088285402553509e-09 5.177499405237734331e-02 3.049961637825044508e-02 5.957458883470178046e-01 2.444190085882015639e-03
1.774999999999999911e+00 1.000000000000000000e+00 4.500000000000001776e-01 1.399907695535291785e-06 4.539609473643861914e-01 6.426484118301537701e-12 4.646738134067573966e-05 3.036591321163760113e-02 6.293338491415266800e-01 2.307012418894543830e-03
1.774999999999999911e+00 1.024999999999999911e+00 4.527692569068707540e-01 5.000000001959672979e-02 4.600893826863817759e-01 7.184088311907159069e-09 5.177499425806991740e-02 3.022977561374758440e-02 6.625009036156738196e-01 2.444190086949220991e-03
1.774999999999999911e+00 1.050000000000000044e+00 4.609772228646445980e-01 1.000000000097979180e-01 4.703258813142680017e-01 1.436102652485341792e-08 1.025169108869700696e-01 3.009126573945297700e-02 6.944453768035714347e-01 2.816980631520265080e-03
1.774999999999999911e+00 1.075000000000000178e+00 4.743416490252569950e-01 1.500000000065336569e-01 4.849141134110140361e-01 2.152369618639692927e-08 1.513308132134543738e-01 2.995044625835816335e-02 7.244540972680377777e-01 3.350238662016853837e-03
1.774999999999999911e+00 1.100000000000000089e+00 4.924428900898054073e-01 2.000000000048998972e-01 5.037246177582408446e-01 2.866501707259622372e-08 1.975539437254207886e-01 2.980738029704430025e-02 7.495362091867358023e-01 3.983603277172565772e-03
1.774999999999999911e+00 1.125000000000000000e+00 5.147815070493501066e-01 2.500000000039187542e-01 5.264300782360100683e-01 3.577797538009326982e-08 2.407861600666774127e-01 2.966213138167148738e-02 7.690694252327606728e-01 4.680703222999017289e-03
1.774999999999999911e+00 1.149999999999999911e+00 5.408326913195984353e-01 3.000000000032639336e-01 5.526168082063781517e-01 4.285564448585934502e-08 2.808655622591600953e-01 2.951476338101264793e-02 7.861536698357316499e-01 5.421290406404902402e-03
1.774999999999999911e+00 1.175000000000000044e+00 5.700877125495691367e-01 3.500000000027998492e-01 5.818519401907625843e-01 4.989120561417361992e-08 3.178138609351281452e-01 2.936534045000445403e-02 8.005745213707438079e-01 6.194016415850645690e-03
1.774999999999999911e+00 1.200000000000000178e+00 6.020797289396149221e-01 4.000000000024470648e-01 6.137216975214850878e-01 5.687796781227451441e-08 3.517752370568552056e-01 2.921392697388622978e-02 8.134578751776642136e-01 6.992232798173139696e-03
1.774999999999999911e+00 1.225000000000000089e+00 6.363961030678926267e-01 4.500000000021734392e-01 6.478507002698055128e-01 6.380938714412277520e-08 3.829633967734439315e-01 2.906058751300762827e-02 8.246487176334528213e-01 7.811487198149793219e-03
1.774999999999999911e+00 1.250000000000000000e+00 6.726812023536855589e-01 5.000000000019581003e-01 6.839092959843192654e-01 7.067908495871303113e-08 4.116223143469198709e-01 2.890538674836929528e-02 8.346845026121345601e-01 8.649096195915780341e-03
1.774999999999999911e+00 1.274999999999999911e+00 7.106335201775946242e-01 5.500000000017806201e-01 7.216138792748547637e-01 7.748086486407513146e-08 4.380003405313634413e-01 2.874838942797270508e-02 8.437717693014687992e-01 9.502918639073647256e-03
1.774999999999999911e+00 1.300000000000000044e+00 7.500000000000002220e-01 6.000000000016343371e-01 7.607235436884947077e-01 8.420872918222788182e-08 4.623348947995685188e-01 2.858966031403989763e-02 8.520514421530855920e-01 1.037099546996536441e-02
1.774999999999999911e+00 1.325000000000000178e+00 7.905694150420947697e-01 6.500000000015087043e-01 8.010351571606251220e-01 9.085689341849360782e-08 4.848445680727900831e-01 2.842926413116948769e-02 8.594578055425901031e-01 1.125145867592411246e-02
1.774999999999999911e+00 1.350000000000000089e+00 8.321658488546621602e-01 7.000000000013986146e-01 8.423780660950468402e-01 9.741980014329448004e-08 5.057259727967341467e-01 2.826726551548386021e-02 8.663296374909006392e-01 1.214242116700581242e-02
1.774999999999999911e+00 1.375000000000000000e+00 8.746427842267952002e-01 7.500000000013055113e-01 8.846090569706142048e-01 1.038921310164154458e-07 5.251534050150019617e-01 2.810372896483341251e-02 8.726305407555685623e-01 1.304192053889693947e-02
1.774999999999999911e+00 1.399999999999999911e+00 9.178779875342909511e-01 8.000000000012248424e-01 9.276078568917256462e-01 1.102688178460591017e-07 5.432800307830158992e-01 2.793871879009991385e-02 8.784107700157106624e-01 1.394789606804926717e-02
1.774999999999999911e+00 1.425000000000000044e+00 9.617692030835672812e-01 8.500000000011520562e-01 9.712732595293525062e-01 1.165450519946725787e-07 5.602397936665294287e-01 2.777229906765957962e-02 8.837830285087973081e-01 1.485818662527297468e-02
1.774999999999999911e+00 1.450000000000000178e+00 1.006230589874905323e+00 9.000000000010862644e-01 1.015519862287776132e+00 1.227162924153698420e-07 5.761495698308802815e-01 2.760453359304593582e-02 8.887663739387122730e-01 1.472430137777296436e-02
1.774999999999999911e+00 1.475000000000000089e+00 1.051189802081432090e+00 9.500000000010315748e-01 1.060275354807545867e+00 1.287782724084021740e-07 5.911113084355448244e-01 2.743548583586001566e-02 8.934083440022116962e-01 1.456231769575090131e-02
1.774999999999999911e+00 1.500000000000000000e+00 1.096585609973065534e+00 1.000000000000978106e+00 1.105478283275556528e+00 1.347270048337346894e-07 6.052140242421127914e-01 2.726521889596505988e-02 8.977362281910475916e-01 1.440410902382342068e-02
