1.675000000000000044e+00 5.000000000000000000e-01 1.192686044187656336e+00 9.999999999999985567e-01 6.499999999999981348e-01 1.520189515300325216e-07 5.629553528055945000e-01 3.416187000990164591e-02 3.659926836089548163e-01 2.083945349818850865e-02
1.675000000000000044e+00 5.250000000000000222e-01 1.151086443322133723e+00 9.499999999999975131e-01 6.499999999999971356e-01 1.453929928691284447e-07 5.469186834754315996e-01 3.407733086082564977e-02 3.729621799327789144e-01 2.084124480789796910e-02
1.675000000000000044e+00 5.500000000000000444e-01 1.110180165558725562e+00 8.999999999999996891e-01 6.500000000000001332e-01 1.386278764047650592e-07 5.299886102293794865e-01 3.398901586916174000e-02 3.805397986070732097e-01 1.986133904031596453e-02
1.675000000000000044e+00 5.749999999999999556e-01 1.070046727951634580e+00 8.499999999999974243e-01 6.500000000000003553e-01 1.317282437401570909e-07 5.120960043094708869e-01 3.389697277703624528e-02 3.887732229769986780e-01 1.877283970166636340e-02
1.675000000000000044e+00 5.999999999999999778e-01 1.030776406404414924e+00 7.999999999999976019e-01 6.499999999999954703e-01 1.246991105415670840e-07 4.931664009562775064e-01 3.380125110172858827e-02 3.977138362504868407e-01 1.767799873441829039e-02
1.675000000000000044e+00 6.250000000000000000e-01 9.924716620639604248e-01 7.499999999999980016e-01 6.499999999999974687e-01 1.175458607862497911e-07 4.731202384090090196e-01 3.370190207923107195e-02 4.074163862417601312e-01 1.657962400047480189e-02
1.675000000000000044e+00 6.500000000000000222e-01 9.552486587271393770e-01 6.999999999999997335e-01 6.499999999999954703e-01 1.102742396382322769e-07 4.518734734247842333e-01 3.359897860620843224e-02 4.179383302140116663e-01 1.548047592336437156e-02
1.675000000000000044e+00 6.750000000000000444e-01 9.192388155425117446e-01 6.500000000000012434e-01 6.499999999999996891e-01 1.028903437481733401e-07 4.293387354308461079e-01 3.349253518047026756e-02 4.293387351428883392e-01 1.438325173282895345e-02
1.675000000000000044e+00 6.999999999999999556e-01 8.845903006477067176e-01 5.999999999999997558e-01 6.499999999999988010e-01 9.540060968409569719e-08 4.054272243445610213e-01 3.338262784006199024e-02 4.416765807468092109e-01 1.329058498933490678e-02
1.675000000000000044e+00 7.249999999999999778e-01 8.514693182963197771e-01 5.499999999999988232e-01 6.500000000000005773e-01 8.781180027267048853e-08 3.800515974241847061e-01 3.326931410108072140e-02 4.550082901483612496e-01 1.220506973764961048e-02
1.675000000000000044e+00 7.500000000000000000e-01 8.200609733428362302e-01 5.000000000000004441e-01 6.500000000000585310e-01 8.013098887314247396e-08 3.531301153303878504e-01 3.315265289433599882e-02 4.693843071619841489e-01 1.112932425507743781e-02
1.675000000000000044e+00 7.750000000000000222e-01 7.905694150420947697e-01 4.499999999999984568e-01 6.500000000015047075e-01 7.236554160597923245e-08 3.245923048605331429e-01 3.303270450095998484e-02 4.848445676773213142e-01 1.006611963120082089e-02
1.675000000000000044e+00 8.000000000000000444e-01 7.632168761236872712e-01 3.999999999999996891e-01 6.500000000332714079e-01 6.452309767760793082e-08 2.943863128394276218e-01 3.290953048708492035e-02 5.014128000674641372e-01 9.018618056123764437e-03
1.675000000000000044e+00 8.249999999999999556e-01 7.382411530116699261e-01 3.499999999999955924e-01 6.500000006425812327e-01 5.661154800443591731e-08 2.624879313687876747e-01 3.278319363770200445e-02 5.190897642245627663e-01 7.990804875217664624e-03
1.675000000000000044e+00 8.500000000000000888e-01 7.158910531638174035e-01 3.000000000000004885e-01 6.500000108196035686e-01 4.863901184902774608e-08 2.289109306678893674e-01 3.265375788981504657e-02 5.378458222670516875e-01 6.988279728945301708e-03
1.675000000000000044e+00 8.750000000000000000e-01 6.964194138592058048e-01 2.499999999999973355e-01 6.500001573207088157e-01 4.061381211337823382e-08 1.937178307664200738e-01 3.252128826500298719e-02 5.576136211349275174e-01 6.019745555799583397e-03
1.675000000000000044e+00 9.000000000000000222e-01 6.800735254367720195e-01 1.999999999999980960e-01 6.500019363395330707e-01 3.254444895797928210e-08 1.570296311127148958e-01 3.238585080150761103e-02 5.782820989174211057e-01 5.099903818172017364e-03
1.675000000000000044e+00 9.250000000000000444e-01 6.670832032063165329e-01 1.499999999999981903e-01 6.500193901704874877e-01 2.443957246671922535e-08 1.190324550090848810e-01 3.224751248595970898e-02 5.996933667263074641e-01 4.255173327236690117e-03
1.675000000000000044e+00 9.499999999999999556e-01 6.576473218982952229e-01 1.000000000000004496e-01 6.501471011987927096e-01 1.630795390924557278e-08 7.997881973276982359e-02 3.210634118485426736e-02 6.216440623394769993e-01 3.534336072384137648e-03
1.675000000000000044e+00 9.750000000000000888e-01 6.519202405202646489e-01 5.000000000000083544e-02 6.507743715355973624e-01 8.158456967989370344e-09 4.018161647784007640e-02 3.196240557589094533e-02 6.438923192694164799e-01 3.022387699235831206e-03
1.675000000000000044e+00 1.000000000000000000e+00 6.499999999999999112e-01 1.447848992147939657e-09 6.527484521099771175e-01 7.298273052131427854e-12 3.599759706596206144e-05 3.181577507928648463e-02 6.661704781157289368e-01 2.831609599378747712e-03
1.675000000000000044e+00 1.024999999999999911e+00 6.519202405202644268e-01 4.999999999999824030e-02 6.570252963628842036e-01 8.158456990076568390e-09 4.018161663804864503e-02 3.166651978917082999e-02 6.882022813046529963e-01 3.022387700714630494e-03
1.675000000000000044e+00 1.050000000000000044e+00 6.576473218982952229e-01 1.000000000000004496e-01 6.642337198863385028e-01 1.630795396446351496e-08 7.997881989069804964e-02 3.151471040517329208e-02 7.097220023390096166e-01 3.534336074920387937e-03
1.675000000000000044e+00 1.075000000000000178e+00 6.670832032063166439e-01 1.499999999999981903e-01 6.746419030753914026e-01 2.443957248880645979e-08 1.190324551633761829e-01 3.136041816430446688e-02 7.304923103629833436e-01 4.255173330410729274e-03
1.675000000000000044e+00 1.100000000000000089e+00 6.800735254367720195e-01 1.999999999999976241e-01 6.882866339946492884e-01 3.254444900215371128e-08 1.570296312622324053e-01 3.120371477323661061e-02 7.503179753558946175e-01 5.099903821724337261e-03
1.675000000000000044e+00 1.125000000000000000e+00 6.964194138592059158e-01 2.499999999999973355e-01 7.050734906884372766e-01 4.061381213104804255e-08 1.937178309102843277e-01 3.104467234108186646e-02 7.690536591812688894e-01 6.019745559589130199e-03
1.675000000000000044e+00 1.149999999999999911e+00 7.158910531638175145e-01 2.999999999999966582e-01 7.248346961288492096e-01 4.863901188878473962e-08 2.289109308054890768e-01 3.088336331276902991e-02 7.861636743507631753e-01 6.988279732894467355e-03
1.675000000000000044e+00 1.175000000000000044e+00 7.382411530116699261e-01 3.499999999999955924e-01 7.473631515560243965e-01 5.661154802210562016e-08 2.624879314997623503e-01 3.071986040311175392e-02 8.005696714047780826e-01 7.990804879282815618e-03
1.675000000000000044e+00 1.200000000000000178e+00 7.632168761236872712e-01 3.999999999999996891e-01 7.724340243727334521e-01 6.452309770880613950e-08 2.943863129636316023e-01 3.055423653166029069e-02 8.133287602820212792e-01 9.018618060277585821e-03
1.675000000000000044e+00 1.225000000000000089e+00 7.905694150420948807e-01 4.499999999999984013e-01 7.998190606881527831e-01 7.236554163690138780e-08 3.245923049779946834e-01 3.038656475842448079e-02 8.247022358509011886e-01 1.006611963542465051e-02
1.675000000000000044e+00 1.250000000000000000e+00 8.200609733428362302e-01 5.000000000000004441e-01 8.292960419137238581e-01 8.013098892173418658e-08 3.531301154412644361e-01 3.021691822055795618e-02 8.346855385888928280e-01 1.112932425935724522e-02
1.675000000000000044e+00 1.274999999999999911e+00 8.514693182963197771e-01 5.499999999999989342e-01 8.606547453898709676e-01 8.781180030580132200e-08 3.800515975287270809e-01 3.004537007007580807e-02 8.437564932042334043e-01 1.220506974197433162e-02
1.675000000000000044e+00 1.300000000000000044e+00 8.845903006477064956e-01 5.999999999999997558e-01 8.937003468288376995e-01 9.540060970176529416e-08 4.054272244430780492e-01 2.987199341269587000e-02 8.519755191578275433e-01 1.329058499369294155e-02
1.675000000000000044e+00 1.325000000000000178e+00 9.192388155425115226e-01 6.500000000000012434e-01 9.282549881403010517e-01 1.028903437570083305e-07 4.293387355236797931e-01 2.969686124786658984e-02 8.594885222797690183e-01 1.438325173721061861e-02
1.675000000000000044e+00 1.350000000000000089e+00 9.552486587271400431e-01 6.999999999999961808e-01 9.641580815602970311e-01 1.102742396735717091e-07 4.518734735122877932e-01 2.952004641005978591e-02 8.663086181419855647e-01 1.548047592775881123e-02
1.675000000000000044e+00 1.375000000000000000e+00 9.924716620639604248e-01 7.499999999999980016e-01 1.001265790724140237e+00 1.175458608083369428e-07 4.731202384915378922e-01 2.934162151138940133e-02 8.726021605524784119e-01 1.549868135196198760e-02
1.675000000000000044e+00 1.399999999999999911e+00 1.030776406404414924e+00 7.999999999999978240e-01 1.039450016194746418e+00 1.246991105636541828e-07 4.931664010341746951e-01 2.916165888562094119e-02 8.784072231247601614e-01 1.532822718422497017e-02
1.675000000000000044e+00 1.425000000000000044e+00 1.070046727951634580e+00 8.499999999999974243e-01 1.078597118796809085e+00 1.317282438108362728e-07 5.120960043830637964e-01 2.898023053362948354e-02 8.837807106239206067e-01 1.516186965985619542e-02
1.675000000000000044e+00 1.450000000000000178e+00 1.110180165558725340e+00 8.999999999999996891e-01 1.118606539718499437e+00 1.386278764494917076e-07 5.299886102989769254e-01 2.879740807035962788e-02 8.887666614229403628e-01 1.499943325030446764e-02
1.675000000000000044e+00 1.475000000000000089e+00 1.151086443322133945e+00 9.500000000000010658e-01 1.159389420346876420e+00 1.453929928994980434e-07 5.469186835413207826e-01 2.861326267333545031e-02 8.934108153630060389e-01 1.484074711508763522e-02
1.675000000000000044e+00 1.500000000000000000e+00 1.192686044187656336e+00 9.999999999999985567e-01 1.200867284421506254e+00 1.520189515653720597e-07 5.629553528680413255e-01 2.842786503276926308e-02 8.977368947912440778e-01 1.468564837590235518e-02
