1.925000000000000044e+00 5.000000000000000000e-01 1.011187420807834192e+00 1.000012603719380611e+00 1.500000000000000777e-01 1.134384027303736030e-07 6.798243569313742185e-01 3.022228898834854877e-02 9.300581821273412597e-02 1.431979871280340301e-02
1.925000000000000044e+00 5.250000000000000222e-01 9.617692030835669481e-01 9.500132670640015764e-01 1.499999999999981348e-01 1.083483973236530189e-07 6.702578744199272354e-01 3.015565042651195335e-02 9.550797593648807648e-02 1.370610138068005870e-02
1.925000000000000044e+00 5.500000000000000444e-01 9.124143795447327010e-01 9.000140041119448764e-01 1.499999999999944433e-01 1.031739538444589559e-07 6.601855322350466126e-01 3.008600780942585415e-02 9.831280811584830470e-02 1.310540835337871066e-02
1.925000000000000044e+00 5.749999999999999556e-01 8.631338250816035229e-01 8.500148278692662984e-01 1.499999999999961364e-01 9.791823986462548786e-08 6.495493237516579699e-01 3.001339509445793280e-02 1.014681954081021464e-01 1.252025121176044038e-02
1.925000000000000044e+00 5.999999999999999778e-01 8.139410298049851722e-01 8.000157545933808123e-01 1.499999999999975797e-01 9.258460729563475658e-08 6.382790751944437124e-01 2.993784753079387767e-02 1.050333462454393629e-01 1.195299812361313128e-02
1.925000000000000044e+00 6.250000000000000000e-01 7.648529270389174961e-01 7.500168048768075524e-01 1.499999999999976075e-01 8.717658802419015062e-08 6.262888214323147906e-01 2.985940162278089352e-02 1.090822722571668790e-01 1.140618475572209405e-02
1.925000000000000044e+00 6.500000000000000222e-01 7.158910531638176256e-01 7.000180051953066585e-01 1.499999999999961364e-01 8.169788887633676553e-08 6.134717941858203183e-01 2.977809509218693265e-02 1.137086135875802761e-01 1.088234973091366763e-02
1.925000000000000044e+00 6.750000000000000444e-01 6.670832032063165329e-01 6.500193901704909294e-01 1.499999999999987454e-01 7.615238519009118651e-08 5.996933670215386369e-01 2.969396683944057827e-02 1.190324546524436089e-01 1.038386128782581470e-02
1.925000000000000044e+00 6.999999999999999556e-01 6.184658438426491323e-01 6.000210059636381654e-01 1.499999999999970801e-01 7.054411414952936276e-08 5.847809297669570583e-01 2.960705690391559480e-02 1.252101333737417055e-01 9.912991432125589988e-03
1.925000000000000044e+00 7.249999999999999778e-01 5.700877125495690256e-01 5.500229155204514608e-01 1.500000000000068501e-01 6.487726702776602615e-08 5.685090466299753675e-01 2.951740642332724776e-02 1.324486479797457039e-01 9.471893379724797071e-03
1.925000000000000044e+00 7.500000000000000000e-01 5.220153254455274228e-01 5.000252069622251883e-01 1.500000000002568168e-01 5.915618071872921548e-08 5.505772015961944987e-01 2.942505759230547649e-02 1.410272817220963870e-01 9.062579804518973436e-03
1.925000000000000044e+00 7.750000000000000222e-01 4.743416490252567730e-01 4.500280075702161042e-01 1.500000000065290773e-01 5.338532853563783766e-08 5.305756148126128391e-01 2.933005362021824658e-02 1.513308125490175349e-01 8.686902756109352031e-03
1.925000000000000044e+00 8.000000000000000444e-01 4.272001872658763855e-01 4.000315082560577662e-01 1.500000001441780251e-01 4.756931036453492936e-08 5.079314206039504676e-01 2.923243868830947834e-02 1.639017016223985879e-01 8.346536297596733600e-03
1.925000000000000044e+00 8.249999999999999556e-01 3.807886552931954993e-01 3.500360090013849845e-01 1.500000027845228012e-01 4.171284192108019359e-08 4.818219102608913840e-01 2.913225790622032962e-02 1.795238387465611929e-01 8.042963026474919674e-03
1.925000000000000044e+00 8.500000000000000888e-01 3.354101966249682931e-01 3.000420097213360449e-01 1.500000468849472801e-01 3.582074368487119711e-08 4.510321829638165858e-01 2.902955726796658392e-02 1.993587448367456494e-01 7.777465603895003347e-03
1.925000000000000044e+00 8.750000000000000000e-01 2.915475947422649927e-01 2.500504101128775414e-01 1.500006817216191779e-01 2.989792907617208606e-08 4.137214318496085785e-01 2.892438360744369052e-02 2.251654789186981476e-01 7.551124146529367837e-03
1.925000000000000044e+00 9.000000000000000222e-01 2.499999999999998890e-01 2.000630090686852380e-01 1.500083905824675101e-01 2.394939214230822286e-08 3.670574124955277018e-01 2.881678455352076548e-02 2.596329305077663130e-01 7.364819776772735423e-03
1.925000000000000044e+00 9.250000000000000444e-01 2.121320343559641164e-01 1.500840018043829160e-01 1.500840018043813062e-01 1.798019489729166223e-08 3.067580046040818686e-01 2.870680848480216402e-02 3.067580036081898331e-01 7.219243797643596326e-03
1.925000000000000044e+00 9.499999999999999556e-01 1.802775637731993674e-01 1.001259586601702112e-01 1.506361616518188673e-01 1.199545418878069300e-08 2.270634674858229007e-01 2.859450448412376514e-02 3.717095983481326082e-01 7.114910980578219649e-03
1.925000000000000044e+00 9.750000000000000888e-01 1.581138830084188873e-01 5.025144373665350883e-02 1.533208487047845181e-01 6.000328716336431320e-09 1.232799507128545802e-01 2.847992229284906918e-02 4.581576549916900887e-01 7.052174557018371995e-03
1.925000000000000044e+00 1.000000000000000000e+00 1.499999999999999112e-01 5.020716843053771479e-03 1.614947111578959316e-01 5.367532793778707416e-12 1.139145869094582153e-04 2.836311226503989216e-02 5.607258244346480236e-01 7.031239974549644868e-03
1.925000000000000044e+00 1.024999999999999911e+00 1.581138830084188041e-01 5.025144373665507702e-02 1.779950562817295134e-01 6.000328743945406543e-09 1.232799511753525645e-01 2.824412532156303501e-02 6.471892816291880957e-01 7.052174557185819648e-03
1.925000000000000044e+00 1.050000000000000044e+00 1.802775637731994229e-01 1.001259586601702112e-01 2.029936812663073464e-01 1.199545419761553284e-08 2.270634678512447047e-01 2.812301290420492206e-02 6.964870701046561585e-01 7.114910980912794031e-03
1.925000000000000044e+00 1.075000000000000178e+00 2.121320343559641164e-01 1.500840018043829160e-01 2.348226935055257036e-01 1.798019490612655667e-08 3.067580048799301573e-01 2.799982692985572563e-02 7.243581678336067364e-01 7.219243798143608684e-03
1.925000000000000044e+00 1.100000000000000089e+00 2.500000000000000000e-01 2.000630090686860429e-01 2.715483208117613900e-01 2.394939216108235410e-08 3.670574127060368119e-01 2.787461974483329899e-02 7.490428218832495544e-01 7.364819777436648791e-03
1.925000000000000044e+00 1.125000000000000000e+00 2.915475947422649927e-01 2.500504101128775414e-01 3.116546602757234719e-01 2.989792910488542433e-08 4.137214320152469149e-01 2.774744407940249458e-02 7.692150656628145011e-01 7.551124147355143916e-03
1.925000000000000044e+00 1.149999999999999911e+00 3.354101966249682376e-01 3.000420097213317705e-01 3.540979196665908768e-01 3.582074368045378794e-08 4.510321830985177805e-01 2.761835300256024889e-02 7.859894750426422716e-01 7.777465604879410348e-03
1.925000000000000044e+00 1.175000000000000044e+00 3.807886552931954993e-01 3.500360090013849845e-01 3.981854847979165446e-01 4.171284192108020020e-08 4.818219103737102493e-01 2.748739987713962052e-02 8.010176576498921897e-01 8.042963027613755228e-03
1.925000000000000044e+00 1.200000000000000178e+00 4.272001872658764965e-01 4.000315082560577662e-01 4.434572380835132277e-01 4.756931039545695236e-08 5.079314207008022164e-01 2.735463831529860723e-02 8.133215765703705191e-01 8.346536298885365995e-03
1.925000000000000044e+00 1.225000000000000089e+00 4.743416490252569950e-01 4.500280075702166593e-01 4.896024201738352066e-01 5.338532856435128843e-08 5.305756148974539732e-01 2.722012213444369860e-02 8.246307174574409871e-01 8.686902757542493830e-03
1.925000000000000044e+00 1.250000000000000000e+00 5.220153254455273117e-01 5.000252069622251883e-01 5.364064924418501246e-01 5.915618070768586461e-08 5.505772016717427331e-01 2.708390531365025694e-02 8.346924947282181595e-01 9.062579806090159326e-03
1.925000000000000044e+00 1.274999999999999911e+00 5.700877125495688036e-01 5.500229155204507947e-01 5.837179034106347864e-01 6.487726705427077234e-08 5.685090466981517210e-01 2.694604195062884344e-02 8.437651155902705646e-01 9.471893381426703049e-03
1.925000000000000044e+00 1.300000000000000044e+00 6.184658438426491323e-01 6.000210059636381654e-01 6.314272008093888555e-01 7.054411417603385748e-08 5.847809298291539726e-01 2.680658621928979149e-02 8.520675024272361675e-01 9.912991433950971848e-03
1.925000000000000044e+00 1.325000000000000178e+00 6.670832032063166439e-01 6.500193901704909294e-01 6.794536945277084294e-01 7.615238522101320951e-08 5.996933670787901738e-01 2.666559232795697940e-02 8.594583188821786068e-01 1.038386128976584270e-02
1.925000000000000044e+00 1.350000000000000089e+00 7.158910531638174035e-01 7.000180051953053262e-01 7.277367698818266728e-01 8.169788890284110143e-08 6.134717942389106282e-01 2.652311447827624194e-02 8.663326999394287409e-01 1.088234973295998734e-02
1.925000000000000044e+00 1.375000000000000000e+00 7.648529270389177181e-01 7.500168048768075524e-01 7.762301100024662226e-01 8.717658806173828737e-08 6.262888214818500554e-01 2.637920682486634416e-02 8.726008314437483371e-01 1.140618475786509337e-02
1.925000000000000044e+00 1.399999999999999911e+00 8.139410298049851722e-01 8.000157545933810344e-01 8.248977731617785913e-01 9.258460729121740035e-08 6.382790752409013280e-01 2.623392343574858926e-02 8.784269264345823114e-01 1.195299812584340107e-02
1.925000000000000044e+00 1.425000000000000044e+00 8.631338250816034119e-01 8.500148278692662984e-01 8.737114767912610436e-01 9.791823987346030620e-08 6.495493237954192978e-01 2.608731825360515594e-02 8.837859859673584673e-01 1.252025121406673616e-02
1.925000000000000044e+00 1.450000000000000178e+00 9.124143795447327010e-01 9.000140041119448764e-01 9.226486821650924375e-01 1.031739538797982160e-07 6.601855322764219602e-01 2.471405331136769523e-02 8.887709120720175271e-01 1.310540835575184013e-02
1.925000000000000044e+00 1.475000000000000089e+00 9.617692030835669481e-01 9.500132670640027976e-01 9.716912205079688558e-01 1.083483973148182006e-07 6.702578744591696225e-01 2.274954976984180227e-02 8.934064965454826535e-01 1.370610138311053640e-02
1.925000000000000044e+00 1.500000000000000000e+00 1.011187420807834192e+00 1.000012603719380611e+00 1.020824291831788688e+00 1.134384027657131410e-07 6.798243569686960308e-01 2.100768555462949327e-02 8.977350733083101497e-01 1.405675948212187394e-02
