2.424999999999999822e+00 5.000000000000000000e-01 1.312440474840668392e+00 1.319420988417564056e+00 8.499999999999954259e-01 6.825276754450408988e-08 8.838569988164661773e-01 2.411463138311716048e-02 4.514854052623018532e-01 1.248646928337449231e-02
2.424999999999999822e+00 5.250000000000000222e-01 1.274754878398195235e+00 1.281940616673321376e+00 8.499999999999974243e-01 6.508000528385430906e-08 8.838293959098324493e-01 2.407173380554795961e-02 4.584818622291514933e-01 1.237914852873999230e-02
2.424999999999999822e+00 5.500000000000000444e-01 1.237941840313994346e+00 1.245340011674233249e+00 8.499999999999967581e-01 6.187174001089351496e-08 8.838001700420373696e-01 2.402687348471755496e-02 4.659938552689367741e-01 1.228052409016724966e-02
2.424999999999999822e+00 5.749999999999999556e-01 1.202081528017130196e+00 1.209699030617441995e+00 8.499999999999954259e-01 5.862948279831635342e-08 8.837847852613541777e-01 2.398006840982627036e-02 4.740452128098051610e-01 1.219046308362583576e-02
2.424999999999999822e+00 5.999999999999999778e-01 1.167261752992874602e+00 1.175104993043932122e+00 8.499999999999988676e-01 5.535479863308400877e-08 8.837797819292260160e-01 2.393133728037910579e-02 4.826594985692616580e-01 1.171413780136205604e-02
2.424999999999999822e+00 6.250000000000000000e-01 1.133578404875462908e+00 1.141653075446642074e+00 8.499999999999983125e-01 5.204930441366946021e-08 8.837818610288373788e-01 2.388069948990367841e-02 4.918593322900617348e-01 1.104313779533308559e-02
2.424999999999999822e+00 6.500000000000000222e-01 1.101135777277260974e+00 1.109446593882183141e+00 8.499999999999974243e-01 4.871466691693182911e-08 8.837880289594359784e-01 2.382817510915217346e-02 5.016655248175880821e-01 1.036883413981138854e-02
2.424999999999999822e+00 6.750000000000000444e-01 1.070046727951634580e+00 1.078597118796809973e+00 8.499999999999978684e-01 4.535260052424098701e-08 8.837956693464417146e-01 2.377378486880674796e-02 5.120960044360021168e-01 9.692308227126786302e-03
2.424999999999999822e+00 6.999999999999999556e-01 1.040432602334240286e+00 1.049224353833239753e+00 8.499999999999974243e-01 4.196486491723103625e-08 8.838026449336029433e-01 2.371755014171473414e-02 5.231645196185154001e-01 9.014777958621347093e-03
2.424999999999999822e+00 7.249999999999999778e-01 1.012422836565828543e+00 1.021455698832200554e+00 8.499999999999987566e-01 3.855326246323110096e-08 8.838073796955001615e-01 2.365949292468012832e-02 5.348791183863541576e-01 8.337660058986590128e-03
2.424999999999999822e+00 7.500000000000000000e-01 9.861541461658006602e-01 9.954254088965066583e-01 8.500000000000438316e-01 3.511963561256514726e-08 8.838089193556474266e-01 2.359963581983698377e-02 5.472404281737884846e-01 7.662665774308943280e-03
2.424999999999999822e+00 7.750000000000000222e-01 9.617692030835668371e-01 9.712732595293531723e-01 8.500000000011513901e-01 3.166586408326536046e-08 8.838069686152101312e-01 2.353800201562954164e-02 5.602397936832939074e-01 6.991950315536027243e-03
2.424999999999999822e+00 8.000000000000000444e-01 9.394147114027961987e-01 9.491426366341229048e-01 8.500000000254415156e-01 2.819386176168734305e-08 8.838019027617867174e-01 2.347461526742663021e-02 5.738573733480103467e-01 6.328351187978718817e-03
2.424999999999999822e+00 8.249999999999999556e-01 9.192388155425114116e-01 9.291779940769062662e-01 8.500000004913859097e-01 2.470557386817203010e-08 8.837947529232788035e-01 2.340949987779788327e-02 5.880603446286536418e-01 5.675777288134432885e-03
2.424999999999999822e+00 8.500000000000000888e-01 9.013878188659968371e-01 9.115216644034193072e-01 8.500000082738135010e-01 2.120297358888797944e-08 8.837871658997945579e-01 2.334268067647829806e-02 6.028014175162936805e-01 5.039858775229002011e-03
2.424999999999999822e+00 8.750000000000000000e-01 8.860022573334669360e-01 8.963100717256168304e-01 8.500001203040784548e-01 1.768805889127354220e-08 8.837813410826771410e-01 2.327418300004810772e-02 6.180178929557297307e-01 4.429050033504116496e-03
2.424999999999999822e+00 9.000000000000000222e-01 8.732124598286485906e-01 8.836694770539381683e-01 8.500014807311444542e-01 1.416284911349939805e-08 8.837799426283089455e-01 2.320403267135486697e-02 6.336315136508255952e-01 3.856493808310962335e-03
2.424999999999999822e+00 9.250000000000000444e-01 8.631338250816026347e-01 8.737114767912697033e-01 8.500148278692636339e-01 1.062938165718828272e-08 8.837860011322237197e-01 2.313225597870876421e-02 6.495493237472425019e-01 3.342993413090588478e-03
2.424999999999999822e+00 9.499999999999999556e-01 8.558621384311837499e-01 8.665285596428893289e-01 8.501124944365838765e-01 7.089708238529855136e-09 8.838028445142799283e-01 2.305887965487377067e-02 6.656656711968805817e-01 2.920810907494774886e-03
2.424999999999999822e+00 9.750000000000000888e-01 8.514693182963197771e-01 8.621900861624287593e-01 8.505923128312149473e-01 3.545891930944414604e-09 8.838339457265276256e-01 2.298393085588512630e-02 6.818653537036643009e-01 2.634948739457021460e-03
2.424999999999999822e+00 1.000000000000000000e+00 8.499999999999994227e-01 8.607390688685977453e-01 8.521035980043561997e-01 3.171720911707599607e-12 8.838828307643796789e-01 2.290743713972191731e-02 6.980277436623867349e-01 8.159235291053660346e-06
2.424999999999999822e+00 1.024999999999999911e+00 8.514693182963197771e-01 8.621900861624319790e-01 8.553842645622697916e-01 3.545891961866469451e-09 8.839529778809651628e-01 2.282942644485748060e-02 7.140315625189306292e-01 2.634948740260819461e-03
2.424999999999999822e+00 1.050000000000000044e+00 8.558621384311841940e-01 8.665285596428893289e-01 8.609334670193982131e-01 7.089708289330385660e-09 8.840477266915659493e-01 2.274992706872018544e-02 7.297598511868113036e-01 2.920810908944295944e-03
2.424999999999999822e+00 1.075000000000000178e+00 8.631338250816025237e-01 8.737114767912697033e-01 8.689888937064642604e-01 1.062938165056212926e-08 8.841701998232702753e-01 2.266896764608693562e-02 7.451046354241444014e-01 3.342993414987805237e-03
2.424999999999999822e+00 1.100000000000000089e+00 8.732124598286490347e-01 8.836694770539368360e-01 8.796240620490585194e-01 1.416284914883889639e-08 8.840509638096031297e-01 2.258657712744022855e-02 7.599708290001516708e-01 3.856493810500190300e-03
2.424999999999999822e+00 1.125000000000000000e+00 8.860022573334671581e-01 8.963100717256168304e-01 8.928206019529212334e-01 1.768805888243871063e-08 8.839329510209176233e-01 2.250278475731129491e-02 7.742790425825937239e-01 4.429050035881822167e-03
2.424999999999999822e+00 1.149999999999999911e+00 9.013878188659968371e-01 9.115216644034194182e-01 9.085072023447062772e-01 2.120297358902602596e-08 8.838450600715276329e-01 2.241762005263791407e-02 7.879671396898149105e-01 5.039858777729257222e-03
2.424999999999999822e+00 1.175000000000000044e+00 9.192388155425114116e-01 9.291779940769062662e-01 9.265806388565158702e-01 2.470557386817207311e-08 8.837927494078978707e-01 2.233111278116184373e-02 8.009905599119010455e-01 5.675777290715945146e-03
2.424999999999999822e+00 1.200000000000000178e+00 9.394147114027961987e-01 9.491426366341229048e-01 9.469183291122048596e-01 2.819386177935706906e-08 8.837807406610107552e-01 2.224329293988998660e-02 8.133215759250814747e-01 6.328351190614167968e-03
2.424999999999999822e+00 1.225000000000000089e+00 9.617692030835667261e-01 9.712732595293576132e-01 9.693866771521417736e-01 3.166586408878718148e-08 8.838129722638067287e-01 2.215419073364593983e-02 8.246267070359731832e-01 6.991950318206771077e-03
2.424999999999999822e+00 1.250000000000000000e+00 9.861541461658006602e-01 9.954254088965066583e-01 9.938470330658337737e-01 3.511963563327183381e-08 8.838926980084671481e-01 2.206383655373337152e-02 8.348504544803589944e-01 7.662665777001913259e-03
2.424999999999999822e+00 1.274999999999999911e+00 1.012422836565828987e+00 1.021455698832199666e+00 1.020160080949114256e+00 3.855326248531830562e-08 8.840223654657626273e-01 2.197226095673844234e-02 8.437568998067446202e-01 8.337660061691990268e-03
2.424999999999999822e+00 1.300000000000000044e+00 1.040432602334240286e+00 1.049224353833239753e+00 1.048189062107586889e+00 4.196486490839619806e-08 8.841739151262316687e-01 2.187949464348932713e-02 8.520022258617078181e-01 9.014777961331753645e-03
2.424999999999999822e+00 1.325000000000000178e+00 1.070046727951634136e+00 1.078597118796809973e+00 1.077802079700789673e+00 4.535260053749322775e-08 8.839675400615369938e-01 2.178556843820097372e-02 8.594994028392055618e-01 9.692308229835758238e-03
2.424999999999999822e+00 1.350000000000000089e+00 1.101135777277261418e+00 1.109446593882180920e+00 1.108873665589559465e+00 4.871466694785395799e-08 8.838361597973924955e-01 2.169051326782026057e-02 8.663086801448161012e-01 1.036883414251385353e-02
2.424999999999999822e+00 1.375000000000000000e+00 1.133578404875463130e+00 1.141653075446642074e+00 1.141285758990464583e+00 5.204930441808680983e-08 8.837814123706344560e-01 2.159436014160028006e-02 8.726746279270291007e-01 1.104313779802434080e-02
2.424999999999999822e+00 1.399999999999999911e+00 1.167261752992874824e+00 1.175104993043925017e+00 1.174928225964144923e+00 5.535479867118433160e-08 8.838037657583801554e-01 2.149714013091486020e-02 8.784477368845660106e-01 1.171413780403826252e-02
2.424999999999999822e+00 1.425000000000000044e+00 1.202081528017130641e+00 1.209699030617441995e+00 1.209699030617440885e+00 5.862948282040358455e-08 8.839028474213586062e-01 2.139888434934179851e-02 8.837863815125178713e-01 1.219046308396929193e-02
2.424999999999999822e+00 1.450000000000000178e+00 1.237941840313994346e+00 1.245340011674233249e+00 1.245504151217883937e+00 6.187174002414592776e-08 8.840774500272956526e-01 2.129962393302724591e-02 8.887730246084155628e-01 1.228052409054433691e-02
2.424999999999999822e+00 1.475000000000000089e+00 1.274754878398195901e+00 1.281940616673320488e+00 1.282257317394706719e+00 6.508000530594134167e-08 8.839104444911061176e-01 2.119939002135137404e-02 8.934067066619236774e-01 1.237914852915179831e-02
2.424999999999999822e+00 1.500000000000000000e+00 1.312440474840668392e+00 1.319420988417564056e+00 1.319879628903285251e+00 6.825276755775644974e-08 8.837960501091700616e-01 2.109821373791354385e-02 8.977599136392202528e-01 1.248646928382115238e-02
